1000 1000
202 849 3
232 910 1
718 855 1
464 802 3
118 219 1
279 353 1
86 572 3
705 928 3
524 904 1
611 913 3
541 646 1
681 909 3
190 946 3
48 561 1
179 420 1
117 453 3
307 729 1
423 867 1
345 905 1
2 917 3
245 543 1
210 535 1
33 564 3
564 707 1
53 485 1
382 738 1
348 600 3
431 598 3
299 493 3
194 400 1
746 813 1
770 806 1
412 555 3
573 738 1
389 413 3
136 734 1
4 278 3
810 930 1
15 205 1
435 460 3
124 783 3
24 231 3
437 924 3
834 923 1
175 340 1
833 852 3
9 626 1
484 558 1
357 623 1
135 914 1
297 779 3
109 139 3
23 316 1
65 984 3
353 780 1
447 634 3
376 677 3
272 777 1
556 933 3
186 701 3
445 515 1
397 687 3
583 858 1
349 696 1
439 462 1
285 510 1
453 651 1
225 675 3
34 507 3
437 675 1
138 389 3
703 775 3
633 978 3
7 567 1
372 702 1
415 846 3
3 525 1
947 994 1
698 903 3
472 507 3
752 839 1
483 605 3
182 201 1
167 564 1
403 975 1
753 834 3
732 865 3
195 283 1
191 467 1
340 945 1
66 76 3
24 261 1
67 376 3
235 374 3
699 729 3
863 973 3
130 635 1
57 63 3
90 646 1
747 777 3
3 87 3
258 301 1
319 694 1
259 588 3
207 678 3
135 807 1
448 821 1
466 782 3
388 483 1
320 646 1
278 419 1
28 180 3
53 119 3
441 978 3
258 674 1
249 863 1
339 417 1
698 828 1
45 563 1
320 332 1
66 328 3
240 514 3
566 648 1
303 534 3
195 996 3
314 941 1
76 452 3
367 574 3
639 695 1
186 934 1
335 491 1
535 776 3
413 772 1
328 768 1
224 541 1
843 952 3
83 486 3
95 504 1
247 674 3
277 792 3
292 733 3
544 546 1
510 957 1
253 304 1
522 937 3
799 864 3
918 925 3
3 605 1
117 803 3
200 548 3
447 925 3
77 343 1
94 277 1
179 589 1
623 921 1
736 927 3
144 949 1
10 245 3
711 801 1
457 728 3
61 477 1
45 468 3
684 826 3
952 955 1
68 774 3
302 612 3
27 883 1
58 615 1
489 839 3
75 721 3
178 958 3
86 221 1
815 998 3
7 752 3
57 454 3
13 944 3
360 899 3
80 718 1
304 972 1
527 921 1
519 863 1
79 549 3
306 393 3
155 548 1
322 820 3
366 891 1
292 655 3
120 130 1
312 734 1
654 691 3
150 555 1
185 804 3
732 820 1
316 482 1
550 687 1
57 616 3
308 777 1
14 258 1
55 523 3
14 562 3
184 736 3
260 814 1
446 899 1
61 239 1
96 306 1
220 834 3
701 784 1
484 803 3
296 566 1
41 85 1
227 540 3
567 901 1
187 675 3
83 883 3
286 869 1
391 988 1
148 200 1
2 330 3
1 417 3
262 546 3
180 789 1
109 137 1
316 528 3
560 836 3
315 764 1
143 364 3
307 674 3
614 819 1
69 77 3
456 638 1
115 820 3
203 270 1
616 690 1
546 575 3
171 928 1
229 433 3
134 635 1
355 900 3
675 994 1
107 304 1
280 379 3
59 734 1
67 578 1
341 635 1
311 329 1
241 768 1
123 587 3
837 901 1
20 350 3
522 695 1
246 387 3
141 307 3
220 776 3
252 488 3
404 789 1
445 744 3
12 805 1
229 573 3
7 73 1
749 806 3
791 842 1
487 752 3
309 794 1
863 957 3
437 681 1
260 960 3
119 514 1
110 733 1
371 536 3
779 999 3
161 559 1
211 373 3
256 297 1
8 870 1
396 856 3
267 941 1
133 271 3
9 366 3
265 993 3
659 806 3
686 974 3
788 861 1
78 261 1
608 929 3
390 549 1
248 980 1
84 860 1
627 941 1
342 534 1
101 335 1
168 700 1
538 917 1
538 816 1
650 703 1
449 647 1
490 512 3
473 715 1
106 630 1
63 985 3
209 745 3
37 185 1
28 364 3
43 432 1
316 933 1
516 782 3
170 770 3
798 1000 3
277 556 1
479 955 3
213 970 1
897 928 3
89 955 1
550 592 3
147 886 3
397 442 3
550 767 1
559 605 1
37 129 1
20 925 1
498 835 1
289 953 3
125 178 3
480 747 3
295 974 3
351 990 3
440 526 1
73 339 3
564 661 3
6 942 1
597 808 1
177 272 1
614 660 1
323 336 3
462 609 1
408 441 3
31 939 1
191 198 1
663 766 1
344 745 3
229 527 3
855 938 1
245 843 3
288 297 3
317 628 3
228 592 1
321 699 1
589 983 1
67 319 3
372 426 1
156 966 3
45 824 3
498 682 3
157 197 1
462 855 1
66 920 1
633 989 3
299 782 3
18 331 1
74 688 1
137 521 1
778 956 1
670 984 3
258 985 3
5 864 1
34 49 3
264 344 3
40 961 3
162 780 1
267 446 3
74 405 3
173 865 1
721 872 1
291 737 1
630 734 1
385 891 3
138 989 3
576 763 3
300 685 3
343 573 1
106 464 1
213 517 3
69 275 3
230 763 3
681 867 1
618 914 1
57 443 1
282 906 1
388 708 1
639 865 1
430 912 3
348 941 3
79 223 3
47 499 3
752 943 1
28 860 3
380 453 3
547 914 3
260 527 1
764 960 3
311 998 3
656 888 3
268 528 1
316 530 1
221 276 3
508 819 1
608 634 3
35 229 3
72 160 3
190 382 3
54 906 1
257 789 1
425 866 1
170 975 3
629 779 1
393 959 3
253 418 3
832 984 1
276 817 3
20 421 3
844 848 1
585 672 1
142 266 1
356 439 1
437 870 1
77 124 3
226 329 1
376 927 3
61 196 1
428 580 3
64 289 3
545 623 3
524 928 3
74 103 3
43 911 1
8 815 1
624 713 1
727 783 3
35 111 3
553 846 3
291 710 3
381 619 3
152 993 1
77 869 1
531 964 1
792 881 1
101 102 1
420 845 3
8 516 3
654 975 3
688 737 3
198 201 3
549 949 1
196 344 3
414 799 3
211 819 1
183 484 1
484 669 1
589 909 3
243 396 1
11 886 1
254 423 3
49 327 3
475 555 3
994 996 3
30 773 1
356 806 1
911 979 1
102 455 1
115 554 3
636 863 3
53 394 1
582 752 3
577 668 3
189 744 1
450 998 1
104 933 3
37 591 3
263 872 3
122 491 3
535 740 3
166 734 1
126 832 3
366 658 1
111 267 3
120 305 3
134 221 3
248 724 3
268 680 1
919 988 3
505 808 1
642 952 1
43 336 1
739 793 1
156 229 3
120 701 3
240 258 1
562 782 3
238 735 3
47 161 3
117 365 3
54 793 3
139 324 3
383 675 1
167 990 3
893 975 1
448 585 3
39 664 3
312 765 3
206 762 3
179 426 3
215 866 1
745 987 3
47 711 1
377 421 3
364 390 3
538 570 1
187 285 3
96 517 1
789 878 3
370 654 1
34 573 1
382 829 1
177 646 3
236 476 3
184 702 1
87 725 3
9 486 1
314 318 1
295 296 1
545 800 1
767 984 3
36 892 1
740 967 3
611 746 3
345 974 1
196 969 1
823 918 1
423 961 1
283 798 3
4 522 1
271 727 3
46 935 3
14 578 3
136 279 1
457 497 1
516 867 3
859 924 1
98 270 1
902 931 1
13 594 3
301 416 3
661 1000 3
183 318 3
205 843 3
118 320 1
6 168 3
359 723 3
302 892 3
158 326 3
540 980 1
341 858 1
219 245 1
458 958 1
85 229 1
26 207 3
171 553 3
133 193 1
180 427 3
73 504 3
238 939 1
336 853 3
465 721 1
361 958 1
316 476 1
524 958 3
70 734 1
307 996 3
412 542 1
834 995 1
283 924 3
506 786 1
590 982 3
189 443 3
41 251 1
347 394 3
17 580 3
350 961 3
266 662 3
86 409 3
177 496 1
782 812 1
100 214 1
437 765 3
350 610 3
749 895 1
566 663 1
162 167 3
21 649 1
393 669 1
223 812 3
377 572 3
22 326 3
173 894 3
17 863 1
236 742 1
738 802 1
30 350 3
612 750 3
24 847 3
107 438 1
409 667 3
457 950 1
103 794 3
147 800 3
392 558 3
190 279 3
729 846 1
609 876 1
343 603 1
588 806 1
560 894 1
219 927 1
151 251 3
868 905 3
466 789 3
67 608 3
441 936 1
193 609 1
82 953 1
394 648 1
131 310 1
124 574 1
153 292 3
242 399 3
715 864 3
401 781 3
174 279 3
17 121 1
800 961 3
175 228 3
13 204 1
808 984 1
10 893 1
15 641 1
837 899 3
480 627 1
128 182 3
260 861 1
248 475 3
42 990 1
621 737 3
411 739 1
185 751 3
806 855 3
241 818 3
70 494 1
71 111 3
561 927 1
782 915 3
581 692 3
67 940 1
147 868 1
16 981 1
90 489 1
38 639 3
207 497 1
162 778 1
373 387 1
192 772 1
73 242 1
414 915 3
689 813 3
690 899 1
100 198 1
376 771 3
175 237 3
277 796 3
648 815 1
283 844 1
587 979 1
649 809 3
160 315 1
1 652 3
204 849 1
50 161 1
83 479 3
339 917 1
32 731 3
193 333 1
151 367 3
78 83 3
73 193 3
351 926 3
375 656 3
121 363 3
112 700 3
45 924 3
227 286 1
54 650 3
302 846 1
402 451 3
259 770 3
123 639 3
236 375 1
234 657 3
93 864 1
204 990 3
298 984 1
8 796 3
205 910 1
300 783 3
354 771 1
82 137 1
6 395 3
176 894 1
25 709 1
316 652 3
89 281 1
181 473 1
460 985 1
468 692 3
7 848 1
810 866 3
215 366 1
337 915 1
262 835 3
55 309 3
193 912 3
882 924 3
815 829 1
235 404 3
642 832 1
582 737 3
460 853 3
371 545 3
8 466 1
368 665 1
133 189 3
81 217 1
192 986 1
317 596 3
491 935 1
132 604 3
100 746 3
369 660 1
250 256 1
372 901 3
57 239 1
113 895 1
123 904 1
280 830 3
265 848 1
657 781 1
282 343 1
120 450 3
14 797 1
225 974 3
208 533 3
164 667 1
334 385 1
341 928 1
148 629 3
384 982 3
766 859 3
456 515 1
208 447 1
577 993 3
421 926 1
81 258 3
286 564 3
670 807 3
229 247 1
527 600 3
810 872 1
358 794 1
612 734 3
383 474 1
166 245 1
330 667 3
147 842 1
286 492 3
463 543 3
12 388 1
81 390 3
502 518 3
620 801 1
414 555 1
188 453 1
123 199 1
340 430 3
850 969 1
61 611 3
128 255 1
398 978 3
217 575 3
175 204 1
121 689 3
173 379 3
184 401 1
275 946 1
532 779 3
579 696 1
230 603 3
97 552 3
390 650 3
235 947 1
9 40 1
174 482 3
211 380 3
59 628 1
498 666 1
207 908 1
436 929 3
368 715 3
124 600 1
300 874 3
437 992 3
603 616 3
61 493 3
389 726 1
319 802 3
197 381 3
745 897 1
573 958 1
81 633 1
640 833 1
173 726 1
459 884 3
307 751 3
296 818 1
74 536 3
408 850 3
55 414 1
332 779 3
130 725 1
393 430 1
501 830 3
22 756 1
540 713 1
222 609 3
207 256 1
387 851 3
323 547 3
381 463 3
359 723 3
937 970 3
214 428 3
460 589 3
228 612 1
485 743 3
422 496 1
184 318 3
607 617 3
479 957 1
257 265 3
457 933 3
189 594 3
145 187 3
370 887 3
114 442 3
614 935 3
422 856 3
288 525 1
319 834 1
547 802 1
159 597 3
713 718 3
92 555 1
109 227 1
310 771 1
89 986 3
395 398 1
51 334 1
130 211 3
620 828 3
499 740 3
222 979 3
157 375 1
413 757 3
196 368 3
272 708 1
84 243 1
708 863 1
225 946 3
233 794 3
441 630 1
155 962 1
62 751 3
25 373 3
56 513 3
129 488 3
355 913 3
385 832 1
13 328 3
304 450 3
243 383 3
774 928 3
192 436 3
129 384 3
131 590 3
110 521 3
793 976 1
108 510 3
331 393 1
160 805 1
707 796 3
22 639 1
721 858 3
445 567 1
71 553 3
47 269 3
84 350 1
389 606 3
89 370 1
377 913 1
124 134 1
779 795 1
256 757 1
524 573 3
220 505 1
327 432 1
181 339 3
379 424 1
365 785 1
338 718 3
576 861 3
725 788 1
173 400 1
364 894 1
51 442 3
507 747 1
707 866 3
408 408 3
61 687 1
111 373 3
168 217 1
270 742 3
359 365 1
217 499 3
215 331 1
15 160 1
175 573 1
659 838 3
386 480 3
476 968 3
432 538 1
295 749 3
195 729 1
581 935 1
659 730 3
175 969 1
667 813 1
469 509 1
630 779 1
447 816 1
209 808 1
268 284 3
534 601 3
609 746 1
386 560 3
155 557 1
321 327 1
157 183 1
332 463 3
51 304 3
198 299 3
27 228 1
344 624 1
221 839 3
751 882 3
415 877 3
518 700 1
122 442 1
72 499 1
95 552 3
564 840 1
579 627 3
67 135 3
153 918 1
638 888 1
577 755 3
88 880 1
531 717 3
457 850 1
267 869 1
682 994 1
35 457 1
499 835 1
19 576 3
707 968 1
40 629 1
61 156 3
356 787 1
717 970 1
60 417 1
742 829 3
233 935 1
39 745 1
200 285 1
897 977 1
