999 999
584 915 1
604 669 3
490 558 1
390 942 3
107 715 1
11 983 3
10 869 3
771 998 3
231 924 3
495 810 3
103 136 3
902 918 3
315 351 3
587 959 3
231 273 1
190 484 1
322 835 3
188 212 1
135 817 1
241 981 3
728 734 3
256 425 3
228 733 3
423 652 3
64 793 3
811 978 3
250 605 1
399 617 3
211 735 1
390 400 3
205 352 1
23 199 3
466 586 3
168 913 1
806 988 3
48 222 3
361 991 1
472 771 3
164 568 3
57 770 1
306 857 3
211 392 1
111 987 1
5 462 3
46 124 3
168 405 1
155 298 3
49 870 3
59 854 1
265 654 1
96 240 1
706 882 3
203 533 1
203 526 1
540 549 1
41 875 3
597 734 1
901 972 3
29 152 3
660 931 3
374 942 1
233 480 3
175 478 1
12 294 3
901 912 1
198 883 3
773 800 1
234 767 3
95 710 1
248 659 3
51 981 1
467 910 3
183 258 3
473 913 1
83 229 3
558 613 3
82 162 3
135 777 1
600 650 3
343 993 1
87 705 3
278 449 3
71 179 3
750 803 3
97 118 1
694 998 1
599 964 3
272 447 1
229 620 3
174 937 1
399 849 3
346 530 1
228 885 3
468 633 3
154 713 3
647 775 1
53 334 3
818 954 1
10 540 1
6 698 1
589 969 3
307 311 1
566 740 1
189 426 3
683 899 1
301 434 3
850 955 1
400 836 1
663 886 1
370 869 1
101 125 1
775 842 3
148 961 1
589 701 3
158 367 3
508 927 1
138 750 3
477 970 1
335 980 1
228 345 3
231 322 3
60 407 1
17 138 3
63 917 1
230 370 3
287 388 3
689 701 3
343 807 1
186 781 1
787 850 3
68 809 1
217 881 3
364 659 1
869 970 1
328 548 3
432 453 3
366 979 1
50 192 3
360 713 1
609 702 1
39 651 1
632 964 3
90 453 3
401 915 1
192 568 3
721 993 3
713 847 3
246 737 3
294 935 3
49 695 3
274 628 1
168 795 1
545 833 3
291 806 3
240 269 1
156 472 1
811 854 3
204 309 3
179 747 3
346 547 1
85 955 1
136 583 3
41 799 3
577 698 3
445 732 3
392 828 1
120 445 1
441 513 1
312 980 3
759 976 1
349 925 1
45 259 1
639 676 1
213 715 3
193 331 3
16 402 3
309 668 1
761 874 1
380 414 3
135 739 3
362 555 3
51 633 3
84 586 3
31 581 1
601 928 3
482 957 3
285 702 3
17 303 1
426 734 3
373 994 1
160 718 3
168 833 1
399 563 3
83 846 3
467 627 3
339 709 3
901 921 1
636 710 1
164 667 1
463 812 1
64 933 3
540 602 1
240 693 3
250 660 1
285 697 3
247 907 3
391 876 3
269 951 3
130 888 1
208 466 1
188 979 1
123 752 3
404 517 3
274 469 1
234 972 3
84 537 3
725 730 1
49 141 3
588 988 1
326 944 1
81 556 1
681 959 3
5 111 3
186 493 3
169 250 1
125 494 1
344 798 3
302 740 3
202 502 1
106 795 3
94 647 1
200 511 3
8 213 3
111 840 3
626 950 1
411 480 1
339 647 1
13 654 1
300 938 1
139 446 1
550 619 3
97 931 3
224 846 1
6 439 3
484 781 1
416 554 1
289 735 3
798 805 3
131 975 1
73 578 1
190 735 3
155 256 1
463 829 3
151 314 3
807 944 1
116 790 1
19 571 3
85 861 1
650 713 3
385 762 3
296 674 3
190 317 3
350 374 1
719 943 1
82 415 1
41 714 3
492 537 1
27 136 1
315 808 3
625 939 1
321 593 3
153 295 3
101 216 1
265 735 3
68 852 1
633 665 3
753 999 1
177 841 1
428 886 3
40 530 1
194 740 1
234 469 1
112 839 1
332 723 1
568 971 3
78 977 3
141 473 3
671 795 1
139 413 3
285 631 1
66 880 3
411 423 1
731 807 3
16 306 1
632 981 3
41 646 1
218 663 3
902 974 1
278 567 1
1 852 1
290 556 1
731 894 3
849 874 3
163 167 3
345 546 3
511 863 3
310 406 1
392 527 1
424 473 3
84 894 3
46 250 1
452 754 1
60 180 1
109 708 1
371 652 1
159 774 3
629 917 1
679 988 1
211 438 3
67 605 1
403 959 1
220 691 1
421 891 3
269 919 1
186 574 3
394 599 1
512 800 3
815 831 1
698 700 3
674 884 1
377 789 3
281 644 1
328 377 3
364 586 1
350 961 1
499 583 1
188 684 3
480 806 1
699 841 3
94 489 1
534 537 3
279 523 3
403 951 3
258 711 1
136 999 3
355 407 1
36 753 1
168 983 1
410 801 1
488 793 1
540 559 3
335 953 3
114 354 1
68 185 3
276 609 1
675 794 3
100 353 3
586 996 1
217 473 3
178 359 1
247 982 1
586 707 1
207 351 1
726 817 3
91 294 3
44 355 1
346 742 3
6 390 3
432 952 3
137 930 1
13 15 1
368 874 3
130 730 3
417 480 3
753 994 3
598 891 1
123 994 1
84 506 1
12 646 3
502 701 1
298 581 1
76 235 3
297 408 3
108 695 3
198 344 3
279 290 1
232 449 3
4 831 1
352 970 1
521 976 3
146 980 1
371 595 3
323 599 1
460 940 3
41 811 3
207 277 1
419 753 1
315 427 3
3 600 3
569 922 3
292 614 3
178 615 3
46 359 3
15 195 1
701 729 3
110 670 1
503 721 3
389 411 3
327 978 1
135 294 1
121 936 1
618 641 3
623 790 3
363 369 3
692 999 1
27 157 3
517 947 1
53 141 3
283 799 1
636 825 1
26 525 1
294 472 1
557 803 3
85 201 1
682 768 1
467 740 1
556 730 1
2 977 3
66 73 3
569 894 3
760 944 3
100 273 3
81 124 1
188 268 3
580 980 1
232 926 1
822 867 1
600 739 3
451 858 3
557 616 1
11 46 3
429 858 1
317 525 3
38 126 3
160 553 3
88 386 3
702 784 1
82 606 3
369 545 3
99 361 1
151 460 3
143 575 3
542 784 3
436 488 3
86 868 1
573 959 3
767 870 1
360 715 3
131 515 3
754 917 3
246 400 3
771 873 1
351 732 3
669 755 1
239 717 1
295 614 1
381 771 3
680 978 1
366 739 3
442 631 3
5 545 3
647 761 3
103 489 3
560 667 1
520 833 1
641 870 1
330 670 3
122 307 3
780 954 1
539 700 1
144 866 3
2 134 3
767 818 1
479 843 3
22 667 3
190 324 1
770 826 3
264 742 3
506 908 3
650 986 3
18 559 3
490 784 1
304 816 1
93 616 3
573 932 3
538 719 1
695 975 1
335 861 1
569 642 3
658 956 3
410 832 1
69 273 3
446 978 3
185 607 1
535 690 1
4 153 3
77 823 3
144 262 1
603 658 3
734 807 3
301 741 1
13 890 1
462 991 3
30 930 1
177 666 1
106 486 3
535 616 3
463 677 3
476 986 3
189 206 3
240 681 1
120 595 3
82 289 1
504 946 3
169 657 3
616 689 1
458 771 3
419 762 3
175 702 3
28 794 1
12 222 1
84 904 3
616 796 1
37 574 3
158 414 3
195 438 3
932 979 3
27 188 1
557 732 3
299 562 1
785 954 3
220 426 3
340 423 3
152 690 3
472 604 3
229 610 3
165 271 3
162 519 1
507 753 3
564 586 3
387 541 1
408 417 1
790 862 1
291 690 3
474 664 3
186 465 1
412 757 1
180 232 1
457 797 3
56 749 3
462 578 1
371 786 1
765 897 3
328 796 1
370 694 3
41 766 3
621 708 3
355 822 1
245 773 3
763 785 1
139 238 3
803 988 1
351 649 3
769 874 3
59 133 1
51 288 3
436 574 3
235 937 1
168 239 3
113 655 3
560 784 3
122 974 1
590 736 1
431 692 1
760 860 3
62 282 3
181 576 3
371 403 1
153 607 3
222 300 1
77 720 3
316 395 3
273 348 1
492 933 1
124 137 3
535 747 3
21 385 1
504 876 1
424 789 3
635 822 1
33 335 3
338 608 3
17 443 1
635 992 1
873 942 3
600 617 3
66 241 3
761 873 3
206 377 3
884 937 1
238 353 1
596 908 3
451 971 1
389 991 3
506 875 3
525 969 1
83 909 3
110 223 1
200 987 3
734 823 1
230 390 3
64 750 3
515 576 1
503 843 1
429 586 1
790 883 1
92 198 1
325 712 1
762 943 3
61 545 1
326 554 3
397 726 1
347 727 3
240 548 3
442 799 1
130 924 1
8 429 3
554 598 1
598 809 1
69 654 1
18 728 1
512 514 1
54 985 3
827 940 3
564 628 1
484 550 3
288 951 1
214 731 3
423 787 3
431 977 3
97 402 3
766 853 3
811 998 3
346 690 1
160 571 3
464 674 3
737 977 3
522 695 3
346 765 1
79 478 1
472 624 1
303 700 1
455 799 1
9 808 1
19 398 3
343 776 1
352 609 1
617 763 1
479 491 1
390 925 1
444 549 1
406 411 1
90 610 1
177 734 3
722 738 1
23 80 3
510 608 1
27 436 3
481 680 3
285 678 3
478 627 3
176 714 3
100 650 3
584 665 3
537 825 1
24 780 3
121 196 1
17 204 3
570 970 1
643 888 1
42 369 3
771 854 3
49 636 1
470 848 1
183 280 3
119 297 1
230 542 3
425 866 3
250 864 1
678 729 1
73 384 3
191 218 1
122 133 3
669 858 3
303 568 3
269 542 1
313 770 1
112 642 1
530 877 3
144 177 3
111 515 1
558 590 1
779 801 3
96 755 3
5 485 3
871 953 3
686 737 1
154 746 1
53 74 3
93 797 1
8 583 3
295 847 3
486 799 3
172 422 1
134 402 3
354 651 3
119 883 1
128 951 3
177 859 1
93 714 1
310 392 3
522 966 3
126 747 3
169 938 3
7 924 1
148 314 3
206 818 1
169 602 1
144 420 1
395 646 1
798 887 1
259 382 1
584 598 3
148 891 1
205 405 1
107 156 3
191 792 1
508 759 1
28 320 3
75 831 3
7 853 1
524 908 1
290 700 1
662 828 3
659 743 1
343 470 3
52 945 1
521 790 1
325 617 3
239 593 1
366 536 1
131 776 1
463 816 3
207 264 1
11 312 1
64 690 1
888 960 1
589 956 3
437 538 1
886 895 1
529 714 3
378 388 3
416 464 3
10 886 3
160 191 3
250 933 3
382 525 3
571 582 1
107 400 1
117 971 3
84 921 1
26 728 3
799 945 1
600 629 3
184 822 3
198 368 1
842 860 1
96 108 3
317 678 1
615 686 3
95 489 3
441 813 1
24 697 3
382 871 1
58 288 3
590 848 1
289 387 3
45 770 1
99 687 3
539 613 3
112 480 3
201 886 3
418 490 1
307 664 3
183 873 3
62 518 3
293 328 1
449 498 3
380 398 1
524 996 3
122 365 3
234 401 1
513 752 3
244 397 1
334 504 3
304 636 3
403 435 1
552 907 3
48 142 3
571 827 3
726 800 3
538 694 1
277 930 3
482 527 1
267 810 3
662 987 3
71 808 3
328 944 1
191 826 3
130 344 1
371 621 1
114 242 1
57 394 3
344 962 1
115 994 1
367 449 1
362 659 1
219 765 3
42 539 3
232 364 1
586 603 1
294 874 1
326 434 1
545 948 3
624 645 3
55 486 3
67 351 3
542 705 1
594 861 1
468 553 3
391 980 1
608 802 1
310 586 1
330 977 3
10 308 3
27 138 3
234 238 1
254 398 3
541 699 3
271 464 1
642 703 3
229 876 3
307 682 3
106 403 1
928 941 3
75 997 1
408 438 1
175 871 3
705 887 1
168 614 1
775 934 1
63 611 3
644 723 1
561 670 1
564 983 3
568 922 1
193 488 1
49 659 1
19 460 1
60 508 3
529 811 3
67 450 1
194 739 3
686 700 3
484 566 1
778 835 3
199 592 3
412 828 3
506 817 1
734 947 3
85 920 3
10 56 3
354 870 1
195 763 3
298 962 1
809 959 3
798 922 3
266 479 1
136 955 3
528 576 1
321 362 1
293 649 3
254 833 3
168 261 1
169 995 1
268 822 1
741 967 3
272 318 3
20 83 3
47 394 1
104 306 1
134 942 3
321 443 3
83 359 3
109 999 1
701 861 3
101 580 1
481 560 3
267 324 1
63 429 1
57 554 3
373 507 1
70 805 1
310 628 3
433 963 1
355 867 3
129 179 3
11 211 3
261 740 1
134 745 3
538 897 1
464 786 1
184 454 1
808 930 3
226 895 1
207 223 1
849 917 1
94 521 3
472 904 1
525 944 1
81 982 1
288 699 3
509 615 1
365 910 3
408 799 3
14 783 1
101 515 1
182 318 3
379 958 3
2 563 1
292 906 1
828 961 3
331 858 3
310 455 1
539 654 1
83 290 3
350 583 3
739 925 1
375 927 1
94 103 3
364 654 1
555 857 3
531 849 1
430 499 3
2 496 1
67 295 1
658 702 3
812 917 1
389 661 3
578 925 1
8 514 3
356 820 3
439 510 1
399 451 1
61 315 3
1 510 1
305 604 3
345 727 3
331 979 3
799 886 1
527 529 1
314 536 3
414 606 1
165 717 1
239 497 1
799 808 3
8 290 1
633 766 1
932 995 1
700 941 1
31 370 3
208 721 1
776 991 1
392 487 3
254 419 3
149 323 1
73 665 3
497 734 3
431 749 3
