998 998
604 970 3
54 347 1
377 621 3
396 683 1
388 462 3
309 710 1
80 101 1
127 447 3
840 870 1
19 681 3
564 914 3
400 739 1
110 725 1
323 342 1
641 709 3
589 951 3
294 582 1
523 546 3
425 916 3
475 700 1
231 915 3
166 408 1
289 382 1
70 633 1
33 928 1
67 346 3
327 819 3
240 941 3
78 694 1
344 982 3
438 643 3
180 198 3
199 494 3
48 963 1
151 478 3
489 873 3
223 422 3
58 318 3
108 212 1
61 484 1
103 236 3
802 969 1
114 235 3
531 983 1
62 316 1
391 458 1
238 393 3
479 500 1
97 900 1
50 307 3
148 335 1
24 319 3
581 840 3
170 458 1
733 904 1
138 974 3
87 123 3
578 647 3
56 387 1
184 743 3
340 953 3
436 568 1
107 263 1
363 955 3
644 743 1
200 624 1
17 307 1
49 230 3
483 940 1
496 898 1
849 904 3
757 772 1
394 931 1
505 693 1
352 492 1
391 674 3
560 925 3
434 482 3
600 942 3
434 809 3
615 782 1
77 543 1
232 829 1
539 714 1
45 402 3
878 889 3
397 851 3
192 780 3
147 572 1
39 993 1
169 621 3
898 922 1
66 527 1
951 954 1
71 722 3
89 319 3
596 950 3
391 777 3
109 493 3
387 632 1
351 438 3
953 976 1
668 935 3
768 883 1
26 629 1
174 518 3
273 293 3
608 881 1
434 744 1
340 355 3
788 986 1
913 924 1
370 411 3
494 966 1
58 255 1
245 735 3
109 273 1
120 489 1
99 712 3
612 819 1
26 334 3
655 857 3
306 864 1
292 951 1
260 273 1
132 624 3
443 510 3
196 236 3
506 959 1
255 528 1
516 795 3
393 515 3
42 198 3
269 785 1
388 401 1
96 840 3
471 477 1
30 496 3
479 924 3
747 790 3
506 739 3
732 909 1
110 512 1
681 696 3
365 710 1
167 769 1
143 789 3
196 653 3
543 853 3
126 922 1
586 912 3
558 646 1
134 492 1
554 573 3
58 962 3
251 705 1
391 755 3
543 975 3
536 992 1
4 816 1
47 977 1
686 749 1
694 987 3
192 889 3
330 446 3
828 986 3
65 654 3
284 340 1
584 652 1
588 893 1
14 107 3
452 886 1
772 984 1
463 741 3
191 704 3
417 909 3
742 880 1
288 514 1
792 876 3
47 953 3
598 737 1
294 490 3
385 978 3
285 485 3
129 376 3
332 813 3
189 203 3
446 945 3
382 496 1
548 639 1
327 803 1
125 474 3
355 424 1
118 310 3
180 699 1
8 240 1
707 863 3
486 769 3
390 915 3
29 60 3
130 161 3
586 908 3
203 582 3
231 855 3
253 822 3
23 495 3
529 926 3
720 747 3
582 665 3
280 965 1
272 786 1
31 428 1
439 471 3
322 479 3
229 816 1
217 563 1
12 15 3
386 638 1
911 928 3
227 579 1
28 98 1
261 972 1
90 870 3
445 728 3
167 700 1
187 267 1
776 906 3
512 617 3
166 456 3
615 859 1
661 920 3
837 838 3
526 780 3
345 771 1
290 975 3
64 900 1
811 984 1
51 347 1
15 721 1
345 949 3
256 458 1
209 494 3
513 825 3
341 655 3
28 130 1
282 708 1
359 512 3
515 544 3
115 231 1
530 568 1
834 977 3
168 283 3
677 887 3
54 214 3
831 845 1
185 714 1
344 840 3
141 781 3
353 818 3
121 976 1
47 971 3
941 971 1
401 684 1
466 597 3
495 536 3
757 775 1
636 814 1
502 789 3
17 958 1
315 492 1
946 973 3
113 602 1
138 756 3
143 637 1
51 475 1
342 417 1
402 842 1
289 991 1
495 729 3
771 869 3
201 695 1
246 819 1
802 983 1
294 602 3
187 487 3
293 675 3
185 720 3
462 575 3
224 563 3
174 609 3
494 916 1
440 664 3
433 445 3
49 881 3
824 832 3
667 894 3
73 248 3
46 420 3
581 613 1
204 495 3
206 755 1
562 988 1
140 147 3
181 617 1
534 544 3
32 696 3
75 371 1
103 845 3
377 662 3
45 358 1
216 267 1
422 752 1
14 457 3
423 672 3
447 863 1
365 462 3
284 544 1
525 662 3
99 102 3
283 898 1
133 871 3
296 613 3
687 961 1
39 46 1
375 692 1
670 837 3
1 927 1
751 946 1
441 511 1
5 94 1
93 709 3
246 723 3
692 783 3
567 783 1
53 115 3
428 489 1
486 588 3
376 725 1
147 417 3
314 341 1
393 674 3
557 646 1
98 226 1
88 446 1
628 936 3
480 961 1
241 845 1
471 643 3
76 162 1
85 931 3
336 730 3
77 922 3
872 993 3
587 711 1
579 806 3
47 435 1
380 975 1
309 742 1
936 985 1
443 730 1
204 365 1
126 346 1
177 594 3
80 277 3
349 537 1
292 687 1
721 952 3
45 805 1
469 594 3
203 904 3
608 978 1
605 779 3
476 709 1
198 641 3
54 703 3
366 576 1
918 989 3
143 895 1
536 898 1
71 849 3
61 359 3
793 967 3
160 349 1
156 283 1
381 750 1
333 813 1
105 894 3
682 753 1
19 826 3
70 440 3
535 837 1
343 740 1
207 497 3
406 766 3
559 915 1
296 498 3
896 918 3
603 988 1
153 210 1
238 608 1
510 933 1
371 773 3
270 930 1
89 480 1
251 444 1
762 985 1
64 207 3
272 524 3
288 643 1
747 977 1
131 754 3
51 357 3
638 929 3
366 459 1
90 657 3
727 899 3
89 581 3
162 751 1
608 933 1
38 435 3
843 963 1
57 553 3
189 197 3
143 278 3
12 98 1
715 849 1
220 919 3
873 920 1
233 593 3
396 718 3
512 856 1
529 697 3
202 969 3
142 560 1
218 481 1
585 613 1
361 412 3
433 470 1
242 900 3
269 405 3
582 822 1
695 708 1
354 505 3
481 560 1
277 396 1
346 873 1
193 760 3
80 564 1
326 729 3
500 815 1
40 618 1
17 377 3
128 284 3
116 597 1
840 947 1
190 507 1
434 749 1
23 352 1
338 489 3
628 986 1
266 510 1
235 614 1
69 933 1
454 778 3
177 906 1
2 729 3
87 230 1
427 444 1
240 412 1
240 705 3
440 983 3
376 860 1
487 522 1
169 750 1
88 179 3
776 814 1
605 671 3
523 813 3
785 950 3
830 870 1
224 750 1
9 649 1
242 498 1
695 950 3
428 887 1
10 154 1
779 955 1
164 246 1
120 479 3
109 951 1
463 549 1
706 851 3
29 368 1
466 523 1
727 806 3
437 593 3
598 960 1
162 245 1
358 719 1
657 776 3
629 965 3
599 927 1
696 829 3
151 797 1
157 653 1
416 776 1
624 992 1
528 829 1
88 382 1
65 819 1
362 930 1
453 751 3
133 676 3
621 663 3
342 418 3
92 868 1
318 504 1
386 434 1
116 122 3
220 581 3
290 713 1
43 867 1
253 977 1
197 563 3
491 892 3
794 946 3
134 518 1
10 14 1
449 576 1
663 933 3
416 995 3
340 571 1
179 623 3
54 922 3
390 434 3
593 637 3
89 603 1
44 90 1
918 994 3
783 900 1
76 78 3
268 956 1
580 764 1
401 887 3
392 847 3
445 802 3
244 710 3
118 331 1
550 602 3
731 986 3
15 151 1
361 524 1
245 697 1
270 340 1
31 605 3
267 656 3
893 922 3
67 137 1
46 544 1
853 938 3
430 874 3
332 886 3
111 759 1
566 929 3
561 723 3
94 563 3
603 755 3
221 970 3
845 870 1
10 382 3
211 903 1
323 459 1
43 729 3
723 867 1
52 71 3
122 212 3
65 929 3
3 536 1
572 683 3
259 779 1
179 697 1
896 959 3
400 902 1
728 943 3
47 233 3
162 754 3
247 907 3
275 431 1
114 457 1
828 938 1
514 707 1
904 958 3
570 950 3
220 261 3
205 339 1
808 901 1
255 695 3
458 937 1
393 870 1
869 909 1
476 898 3
24 569 1
699 808 1
207 587 1
679 767 3
104 840 3
179 367 3
326 976 1
9 740 1
87 839 3
57 673 1
7 798 1
424 891 3
249 570 1
274 954 3
147 375 3
973 993 3
84 196 1
638 729 1
450 503 3
95 980 3
49 798 1
359 511 3
672 788 1
509 644 1
87 232 1
696 806 1
628 689 1
504 917 1
472 970 1
280 702 3
14 718 3
654 675 1
39 401 3
84 311 1
161 412 3
382 574 1
153 352 3
462 784 3
289 863 1
576 702 3
215 237 3
76 853 3
112 656 3
84 695 1
369 813 3
422 648 1
492 962 1
31 117 3
226 656 3
153 680 3
415 953 3
295 551 1
203 821 3
34 451 3
516 892 1
256 920 1
439 911 1
468 824 3
493 913 3
76 655 1
717 816 3
228 561 3
559 790 1
20 481 1
119 131 1
79 744 3
358 778 3
546 837 1
137 214 3
731 845 1
27 161 3
178 925 1
569 800 3
439 619 3
69 888 3
144 185 3
26 897 1
372 878 1
80 174 3
594 695 3
405 945 1
221 711 1
236 495 1
92 475 1
789 997 1
19 599 3
620 950 1
182 873 1
480 652 1
141 581 3
16 400 1
643 762 1
382 981 3
423 961 1
44 272 3
274 814 3
369 673 3
256 633 3
166 220 1
124 705 3
190 225 1
726 930 1
798 896 1
443 952 3
310 419 3
428 884 1
295 431 1
127 765 3
361 688 3
627 684 1
515 524 1
339 898 3
241 359 1
173 467 3
530 578 3
567 787 1
385 692 3
34 273 1
116 910 3
80 963 1
177 338 1
11 722 1
495 791 3
567 805 3
68 770 1
405 429 1
232 704 1
914 977 3
234 389 3
531 531 3
325 536 3
446 773 3
176 308 3
121 438 3
818 830 3
170 760 3
452 533 3
379 555 1
169 772 3
471 902 3
475 779 3
444 664 1
828 829 3
706 961 3
414 677 3
465 655 3
150 858 1
102 449 3
116 843 1
546 549 3
176 822 3
470 825 3
43 272 1
434 643 1
10 950 1
376 769 1
58 114 1
232 423 3
336 691 3
237 699 3
252 834 3
168 344 3
563 739 3
1 422 3
596 670 3
116 659 3
335 987 3
794 893 1
139 855 3
160 184 1
145 844 3
416 879 1
234 903 1
119 987 3
831 991 1
825 870 1
17 739 1
35 319 1
772 910 1
659 889 3
197 327 1
581 637 3
53 220 3
148 537 1
197 941 1
391 443 3
65 201 3
208 867 1
261 665 3
101 330 3
479 946 3
85 239 3
109 868 1
166 816 3
901 910 3
211 698 1
490 676 3
365 545 1
319 779 1
181 605 1
86 534 1
490 775 3
96 494 1
143 403 1
3 552 1
348 405 3
75 775 3
277 969 1
68 786 1
732 793 3
42 733 3
212 841 1
168 781 3
135 794 3
324 562 3
152 902 3
266 628 1
562 664 3
250 477 1
532 870 1
282 366 3
248 414 1
745 959 3
283 974 1
214 592 3
435 806 3
492 889 1
364 981 3
196 308 1
280 444 1
151 782 1
77 537 3
64 693 1
593 718 3
326 667 1
96 590 1
178 290 1
795 878 1
114 862 1
166 513 1
106 680 3
179 264 1
498 667 3
487 911 1
358 725 1
158 817 1
865 934 3
30 993 3
536 980 3
486 519 3
175 229 1
502 926 1
197 969 1
91 392 3
558 801 3
572 988 3
173 422 1
167 230 3
157 748 3
28 236 1
37 683 3
612 631 3
510 551 1
664 863 1
91 884 1
330 541 3
497 781 3
262 592 1
272 696 1
228 301 1
107 966 1
249 655 3
118 887 1
237 515 1
382 687 1
142 147 3
130 510 1
118 654 3
52 974 3
284 512 1
138 745 3
797 824 1
489 606 1
505 920 3
42 607 3
869 883 3
28 865 1
176 925 1
31 885 1
259 664 1
316 586 1
927 989 1
145 980 1
94 659 3
520 829 1
314 468 3
719 967 1
219 769 3
533 983 3
74 887 1
552 766 1
238 285 3
199 912 1
185 674 3
4 878 3
79 894 1
219 977 1
244 954 3
782 870 1
533 637 3
182 587 3
668 680 3
553 846 3
59 632 3
723 813 1
276 349 3
415 990 3
41 181 1
227 935 3
624 860 1
927 996 3
158 646 1
397 632 1
537 600 1
65 834 1
299 498 3
246 359 1
357 836 1
38 668 3
521 781 1
499 882 3
214 257 3
32 121 3
168 673 3
352 414 1
594 603 3
643 873 3
329 815 1
719 833 3
306 495 3
70 604 3
684 821 3
546 846 1
902 955 1
252 630 1
358 495 1
298 993 1
141 945 3
247 384 3
339 872 3
155 252 3
50 207 1
479 715 1
19 919 1
387 483 1
516 517 3
314 772 1
597 669 3
721 900 1
15 531 1
356 633 3
526 943 1
46 838 3
85 510 3
145 995 1
551 650 1
533 891 1
444 474 3
37 875 1
507 555 3
207 345 3
258 946 3
578 967 3
80 428 1
189 876 1
230 854 1
866 916 3
650 668 1
334 964 3
677 696 1
389 841 1
52 356 3
346 587 3
361 501 1
214 669 1
675 877 3
508 759 1
380 697 3
323 621 3
3 877 3
262 441 3
250 802 1
734 887 1
271 705 3
675 956 1
489 574 3
306 778 1
