997 997
481 968 1
466 888 3
273 519 3
245 892 3
251 847 1
64 361 1
19 485 1
622 817 1
73 933 1
100 628 3
444 546 1
540 953 1
405 616 1
470 633 1
35 739 1
252 479 3
72 197 3
307 542 1
167 392 1
651 796 3
270 949 3
284 300 3
174 299 1
208 826 1
77 251 3
591 779 3
29 412 3
753 871 3
676 844 3
302 562 1
818 978 3
57 110 3
146 372 1
586 921 1
52 746 1
29 899 3
432 645 1
368 950 1
926 991 3
75 829 3
704 753 1
450 890 1
396 559 3
447 858 1
426 939 3
49 990 1
580 648 1
438 686 1
181 857 3
441 842 3
454 795 3
41 699 3
226 567 3
160 378 1
256 467 1
482 616 3
161 885 3
31 550 1
55 217 3
706 713 3
1 321 1
385 777 3
219 352 1
613 749 1
374 513 3
471 863 3
342 612 3
302 639 3
115 612 1
45 523 3
125 727 1
337 839 3
252 621 3
349 971 3
333 900 3
521 604 1
4 162 3
9 188 1
124 969 1
671 817 3
142 468 3
914 984 3
439 465 1
310 547 1
283 622 3
302 468 3
541 901 1
51 758 1
4 314 3
805 864 1
152 684 1
431 682 1
201 290 1
765 781 3
385 832 3
280 646 1
21 553 3
459 976 1
376 396 3
359 797 1
172 311 3
11 942 1
431 920 1
307 650 3
469 785 1
316 366 1
891 995 1
494 844 3
282 979 1
117 536 1
279 940 1
116 462 1
633 772 1
142 474 1
24 68 1
174 398 1
552 671 3
406 818 1
52 143 3
136 376 1
509 994 3
114 480 1
227 935 3
76 464 3
663 848 3
47 162 1
104 404 3
162 212 3
346 771 3
358 648 1
642 977 3
330 332 1
338 613 3
723 755 3
95 471 1
711 740 3
240 815 1
308 543 3
431 668 1
170 565 3
572 587 3
686 965 1
716 725 3
326 691 1
62 573 1
215 228 3
19 248 1
573 972 1
76 647 3
479 604 1
685 745 3
607 973 3
55 265 1
213 595 3
717 847 3
858 888 1
779 852 3
642 665 3
355 945 1
6 694 3
170 706 3
73 583 3
468 798 3
63 747 3
209 757 1
403 785 1
705 755 1
301 352 1
289 612 3
716 777 3
105 180 3
340 475 1
547 881 1
285 794 3
785 786 1
139 510 1
3 372 3
764 796 1
70 420 3
146 225 3
348 562 1
403 464 3
54 881 3
115 859 1
180 802 1
373 769 1
412 518 1
459 602 3
154 980 3
71 255 3
217 366 1
803 984 1
577 815 3
14 58 1
79 144 3
394 519 1
53 98 1
522 581 1
602 949 3
770 933 3
113 136 3
122 997 1
852 894 3
191 952 1
400 463 3
862 887 3
224 722 3
42 620 1
32 254 1
460 464 3
219 443 3
288 815 1
165 930 3
469 482 1
122 916 3
480 891 1
313 435 1
147 514 1
296 599 3
241 340 1
179 770 1
139 176 3
187 963 3
209 471 1
130 557 3
373 684 3
227 444 3
129 938 1
488 706 3
310 379 3
223 790 3
499 668 1
732 813 1
487 895 1
93 644 3
81 513 3
354 493 1
225 610 1
81 787 3
158 952 3
436 902 3
244 955 1
748 797 1
108 327 1
881 935 1
88 663 3
405 467 3
683 819 1
418 639 3
577 631 1
462 891 3
478 884 3
188 319 3
333 887 1
46 758 1
29 629 1
806 819 1
362 727 3
371 920 3
203 609 1
5 127 1
518 633 3
380 844 3
631 701 1
62 686 3
67 176 1
149 591 3
764 991 3
15 600 1
382 576 3
676 989 3
193 849 3
56 570 3
207 220 3
182 377 3
333 709 1
440 717 3
376 720 3
49 879 1
252 381 1
128 660 3
882 988 1
697 863 3
60 736 1
743 832 1
450 844 1
197 238 3
72 773 1
194 808 3
754 842 3
409 790 3
670 724 3
570 997 3
17 702 1
191 494 3
656 988 3
609 762 3
441 876 3
203 869 1
44 138 3
807 970 1
708 977 3
29 932 3
289 667 3
90 520 3
26 76 3
184 576 3
224 761 3
85 756 3
12 449 1
272 781 1
69 528 3
40 634 3
143 688 1
87 671 1
50 854 1
150 871 3
53 67 3
185 449 1
629 843 3
559 798 1
176 899 3
699 743 3
914 994 3
456 596 1
423 540 1
122 653 1
268 547 3
299 729 1
760 778 3
169 650 1
158 596 3
77 279 1
107 454 1
70 365 3
261 844 1
58 69 3
269 341 3
353 857 3
226 521 1
82 774 1
514 910 1
429 530 3
531 908 1
751 964 3
2 111 1
518 693 1
734 941 1
227 445 1
14 295 1
370 490 1
331 699 3
103 484 1
622 923 1
154 963 1
227 506 1
693 761 3
68 182 1
240 356 3
500 831 3
626 910 3
207 503 3
150 230 3
27 760 1
481 804 1
247 778 3
614 815 1
626 935 3
949 984 1
48 451 1
432 880 1
157 816 3
738 814 3
64 714 1
552 941 3
517 776 1
359 895 3
214 410 1
196 340 3
541 841 1
296 821 1
672 887 1
179 721 3
300 463 1
352 529 3
85 710 1
71 982 3
234 692 3
458 732 3
170 599 1
822 991 3
801 859 1
94 264 1
126 611 3
17 845 1
839 982 1
258 463 1
181 769 1
62 918 3
129 830 3
477 672 1
785 924 3
25 115 1
662 841 1
314 677 3
412 665 3
363 668 1
57 217 3
707 734 3
767 897 1
222 997 1
846 947 3
532 875 3
93 857 3
51 875 3
808 985 1
764 895 1
203 733 1
99 635 1
453 949 3
330 332 1
153 900 1
565 974 3
737 754 1
219 716 1
275 940 3
458 630 3
540 714 1
248 734 3
168 308 1
111 603 1
73 386 3
188 981 1
513 580 1
814 908 3
134 435 3
561 821 1
20 631 1
121 449 1
422 722 3
130 448 3
210 915 3
795 827 1
278 308 1
2 187 3
662 914 1
397 496 3
265 368 3
32 152 3
501 797 1
381 410 1
536 692 3
462 888 3
60 270 3
284 545 3
620 717 1
439 529 3
264 817 3
94 97 1
603 748 1
64 529 3
338 900 3
261 830 3
372 765 3
127 328 3
47 488 3
677 719 3
519 931 1
216 979 3
482 777 1
92 128 1
339 861 3
277 989 1
111 740 1
243 289 3
787 878 3
456 663 3
456 859 1
218 870 3
474 944 3
35 348 3
245 909 1
339 915 3
288 864 1
656 715 1
48 557 3
88 802 3
155 224 1
804 843 1
263 551 3
169 540 3
502 535 1
158 717 1
24 452 1
481 500 3
151 272 3
405 954 3
394 965 3
157 963 1
626 913 1
716 910 1
436 778 1
296 320 3
422 812 3
431 460 3
388 479 1
716 862 1
690 720 1
259 634 1
135 620 1
397 793 3
577 600 1
379 458 1
47 684 3
371 675 3
640 901 1
193 354 1
280 909 1
228 360 3
272 994 3
75 964 1
222 585 3
8 155 3
504 945 3
802 919 1
222 440 1
127 977 1
399 947 1
251 675 1
763 781 3
198 380 3
282 439 1
853 959 1
323 328 3
114 630 3
125 786 1
205 680 3
148 613 1
331 821 3
169 973 1
203 854 3
397 606 3
620 912 3
242 885 1
479 986 1
169 478 3
269 655 3
320 712 1
387 551 1
139 830 1
78 598 1
279 952 1
708 755 1
300 515 1
423 646 3
35 169 1
78 539 3
605 928 3
792 793 3
791 944 3
734 957 1
523 750 1
132 856 3
721 957 1
593 693 3
166 736 3
4 38 1
331 824 3
110 795 3
141 856 3
346 663 1
489 586 3
250 575 1
78 101 3
822 840 3
538 544 3
14 183 1
582 591 1
454 850 3
811 941 1
295 739 1
62 588 1
136 766 1
31 170 3
77 618 1
387 473 1
731 832 1
266 513 3
15 242 1
582 861 3
597 711 3
165 434 3
57 491 1
855 888 3
85 695 1
96 178 3
481 614 1
946 989 3
239 618 3
617 806 3
46 360 1
485 709 3
605 948 1
490 629 3
816 824 1
15 816 3
45 507 1
717 994 1
378 810 3
198 522 1
480 592 1
743 916 3
513 571 1
413 695 3
19 519 1
64 382 1
599 670 3
387 545 1
432 906 3
163 456 1
3 523 1
956 977 3
706 814 1
759 891 1
692 835 1
351 936 3
27 374 3
158 606 1
379 894 3
135 242 3
735 787 3
483 588 1
782 916 3
26 562 3
27 47 1
84 616 3
4 599 1
12 130 3
194 585 1
67 868 3
639 645 1
214 723 3
57 59 3
105 466 3
578 840 1
825 909 3
160 592 1
240 383 1
268 637 1
385 811 1
430 813 3
100 569 1
393 562 3
132 648 3
502 636 1
91 124 1
700 841 1
231 548 1
720 721 1
70 975 3
191 829 3
292 790 3
32 950 1
11 491 3
21 454 1
292 702 1
313 780 3
127 498 1
574 791 3
528 788 3
239 707 1
244 717 1
855 993 1
71 996 1
907 914 3
876 968 1
856 995 3
220 377 3
22 768 3
586 736 1
827 966 3
448 755 1
775 872 1
117 493 1
105 114 1
476 737 1
204 407 1
75 815 3
472 970 1
112 436 1
391 514 1
47 193 1
26 161 3
412 967 1
775 937 1
247 407 3
278 635 3
645 944 1
127 555 3
897 898 1
378 558 1
762 984 3
329 710 3
65 887 1
333 393 3
613 753 1
377 634 1
655 962 1
170 522 3
399 645 1
537 567 3
323 839 3
329 410 3
624 706 1
725 757 1
27 152 1
426 636 3
64 605 1
252 347 3
287 421 3
30 430 3
201 548 1
285 377 1
821 955 3
55 355 1
120 183 1
712 941 3
114 135 3
151 913 3
139 605 3
75 670 3
220 770 3
79 562 1
155 240 1
95 686 1
212 956 3
217 827 1
7 289 1
697 763 1
195 838 3
32 475 1
20 669 3
270 882 3
291 951 1
824 898 3
247 727 1
121 589 3
655 758 3
404 666 3
601 964 1
179 471 3
460 932 1
478 753 3
89 826 3
740 791 1
717 988 3
603 902 3
67 909 3
166 452 3
448 625 3
557 803 3
272 454 3
538 970 3
118 782 3
273 374 1
503 714 3
749 941 3
301 974 1
199 691 3
932 933 3
367 982 1
684 687 1
246 810 1
424 530 3
34 325 3
162 242 1
318 684 1
22 39 1
297 352 3
447 489 1
597 894 3
242 949 1
670 906 3
196 716 1
300 417 3
600 837 3
167 827 3
372 739 3
8 871 1
94 868 3
100 436 1
466 947 1
296 310 3
405 478 1
584 881 3
649 885 3
523 555 1
105 303 3
69 587 1
250 426 1
566 750 1
104 955 3
272 965 1
54 769 1
60 739 3
505 845 3
510 815 1
285 331 1
122 519 3
278 724 3
475 796 3
120 461 1
379 568 3
160 282 3
111 332 3
202 250 3
403 407 1
230 431 3
265 660 3
196 254 3
170 437 1
556 846 1
304 734 3
200 849 1
192 402 1
289 367 3
107 954 3
216 366 3
512 996 1
116 442 3
317 797 1
292 452 3
905 949 1
256 728 3
801 908 3
169 287 3
124 909 3
17 682 1
83 438 3
385 667 3
105 477 3
420 972 1
20 462 3
30 254 3
1 655 1
507 961 3
10 25 3
67 937 1
238 971 3
422 810 3
150 295 1
782 964 1
79 791 1
749 942 1
667 700 1
14 71 3
519 526 3
708 835 1
800 877 3
836 913 3
622 647 1
441 775 3
31 328 1
179 188 3
250 471 3
53 276 3
618 739 3
705 769 1
628 885 1
662 740 1
74 224 1
174 641 1
196 926 3
597 638 3
379 961 3
229 388 1
576 781 3
421 547 1
140 262 1
679 772 1
5 263 1
814 816 3
450 468 1
110 752 1
127 342 3
358 810 3
162 982 1
60 748 1
430 987 3
370 379 1
485 882 3
158 725 3
83 403 3
205 795 1
375 649 1
52 944 1
480 816 3
400 954 1
619 821 3
252 617 1
105 438 3
453 554 3
29 272 1
29 720 1
510 678 3
914 941 1
386 407 3
236 853 1
494 895 3
678 737 3
708 894 1
113 180 3
263 509 3
66 952 3
31 585 1
434 602 1
802 817 3
458 768 3
526 574 1
48 106 1
263 368 1
186 744 1
181 543 3
622 807 1
320 494 1
492 578 3
346 826 3
418 713 1
527 656 1
205 669 3
187 807 3
32 378 1
34 56 1
527 677 3
119 703 3
555 728 3
271 382 3
173 827 1
36 332 3
220 246 1
70 209 1
6 411 3
22 850 3
316 969 3
308 611 1
451 880 3
608 707 3
15 32 1
181 765 3
926 995 1
322 720 3
285 832 3
118 912 1
106 209 1
622 867 1
360 362 1
729 733 3
425 896 1
100 557 3
102 393 1
101 555 3
157 588 3
54 60 3
454 684 3
727 866 3
700 740 1
386 585 3
412 860 3
113 449 3
458 842 1
46 863 1
56 995 3
124 280 1
431 542 3
179 745 1
663 835 1
56 616 3
494 984 3
678 729 3
187 341 1
194 982 3
97 588 3
192 464 3
404 453 1
222 895 3
135 873 3
755 907 3
579 701 3
730 803 3
864 914 3
289 346 3
459 991 1
227 824 3
306 437 1
478 950 3
246 333 3
267 671 3
