996 996
37 92 1
407 517 3
9 735 3
437 712 3
38 254 3
58 701 3
64 905 1
58 481 3
212 845 1
575 974 3
437 935 3
754 776 3
87 156 3
616 621 1
691 822 1
605 625 3
7 459 1
73 398 1
557 820 3
355 855 3
144 267 1
659 850 3
22 163 1
863 941 3
41 68 1
131 547 1
27 118 3
555 558 1
741 843 1
65 123 3
434 901 3
140 661 3
137 872 1
126 163 1
885 991 1
353 363 3
327 615 1
29 262 1
319 971 1
698 958 1
475 559 1
272 679 3
234 553 1
683 806 1
608 977 1
489 875 3
682 840 3
32 143 3
46 453 3
358 923 3
821 920 1
52 766 1
239 279 3
320 554 3
20 628 3
620 821 1
373 481 1
774 927 3
120 835 3
356 745 3
470 770 3
105 276 3
474 828 3
122 876 1
237 781 1
52 917 3
60 726 3
2 426 1
501 825 1
256 424 1
6 780 3
636 867 1
21 979 3
338 729 3
174 347 3
706 728 1
282 652 3
112 682 3
531 540 1
156 942 3
521 546 3
239 530 1
121 150 1
485 973 3
80 632 1
14 782 3
491 610 3
576 901 3
52 139 1
171 282 1
706 763 1
183 440 3
594 796 1
464 936 3
615 744 3
613 810 3
312 787 3
118 920 1
555 557 3
428 766 3
28 961 1
648 651 1
121 766 3
194 545 3
777 880 3
649 867 1
114 383 3
81 719 3
533 560 1
70 369 3
196 976 1
185 458 3
575 821 3
765 766 3
115 144 1
68 818 3
65 321 3
64 984 3
272 598 3
125 197 1
345 963 1
212 681 1
345 872 3
148 255 3
39 762 1
609 652 3
23 311 1
420 912 3
747 754 3
408 884 3
452 778 1
719 799 3
76 557 3
760 834 3
76 411 3
62 680 3
334 658 3
21 31 3
25 614 3
86 936 1
194 664 1
412 608 1
126 343 1
203 347 1
230 905 1
472 859 3
463 850 1
476 828 1
228 828 3
76 778 3
192 955 1
136 522 3
336 648 1
575 950 1
138 143 3
124 377 3
173 610 1
394 591 3
276 847 1
240 301 1
150 887 3
304 318 1
216 245 3
361 623 1
673 991 3
900 969 1
330 738 3
356 539 1
411 865 3
250 764 1
527 708 1
337 471 1
681 744 1
84 316 3
470 920 3
45 122 3
447 620 3
71 602 3
598 907 1
350 516 3
284 799 1
121 894 1
357 901 3
463 565 3
37 716 1
515 893 1
330 539 3
634 671 1
527 584 1
705 872 3
386 812 1
272 527 1
205 606 3
64 745 1
322 940 3
5 668 1
731 973 3
84 235 1
326 637 3
92 273 3
146 501 1
33 340 3
169 664 1
249 364 3
183 587 1
353 698 1
71 987 3
30 640 1
591 592 3
65 612 1
204 924 3
430 542 3
64 837 3
119 682 3
83 231 1
427 648 1
320 733 3
535 785 3
350 434 1
61 145 3
344 929 1
513 803 3
434 585 1
125 353 3
16 643 1
651 652 1
166 631 1
112 987 1
584 762 1
164 338 3
294 624 3
519 866 3
58 410 3
87 508 1
307 485 1
417 571 1
185 575 3
88 106 1
56 489 1
548 683 1
264 404 1
846 954 3
202 694 3
720 843 1
425 479 1
372 926 1
627 686 1
36 592 3
143 187 3
486 989 3
569 780 1
717 901 1
23 445 1
218 399 1
101 777 1
64 729 1
47 590 1
40 574 3
679 864 1
729 918 1
326 361 3
221 510 1
546 795 3
507 589 1
410 684 1
383 780 3
139 695 1
169 259 1
441 653 1
587 633 1
493 643 3
9 14 1
662 857 1
109 939 3
305 925 3
149 748 3
484 586 3
83 174 1
612 894 1
459 798 1
396 422 3
239 288 3
630 866 1
74 514 3
568 675 1
596 888 3
862 981 3
501 871 1
127 823 1
781 853 1
544 990 1
158 184 3
215 462 1
115 640 3
153 257 3
56 261 1
323 564 1
384 885 1
786 988 3
696 795 1
511 558 3
81 152 3
248 723 1
705 971 1
600 929 3
297 581 1
477 873 1
787 856 1
174 351 3
319 946 1
101 526 1
376 798 3
174 289 3
867 880 1
603 929 3
136 332 3
875 996 1
315 974 3
676 870 1
115 532 3
232 584 1
128 786 1
239 612 1
639 840 1
629 645 3
3 925 1
341 589 1
17 638 1
338 515 3
155 870 3
258 762 3
171 981 3
639 890 1
129 181 3
423 507 1
405 714 1
655 805 1
548 762 1
326 646 1
754 879 3
136 823 1
273 547 3
448 700 3
534 875 1
696 836 1
427 984 3
65 738 3
271 659 1
18 243 1
498 881 3
80 815 1
94 869 3
505 951 3
64 967 3
108 587 1
498 687 1
136 240 1
384 820 1
382 593 3
64 308 1
226 348 3
845 850 1
15 605 3
582 693 1
202 218 3
295 931 3
201 448 1
774 938 3
46 867 1
528 981 1
584 849 1
680 969 1
280 485 1
344 948 1
116 651 3
131 800 1
55 266 3
413 829 3
383 989 3
335 431 3
236 332 3
139 810 3
51 499 1
225 612 1
522 764 1
67 200 1
356 488 1
140 445 1
160 340 1
496 601 1
98 757 1
100 531 1
47 782 3
230 868 3
440 693 1
908 923 1
145 836 1
246 990 1
719 989 3
360 959 1
212 604 3
563 738 1
11 828 3
400 934 1
187 288 1
876 939 1
291 709 3
113 785 1
360 829 1
439 463 3
17 489 1
15 227 1
234 784 3
671 969 1
100 487 3
355 914 1
48 50 3
514 637 1
686 693 1
129 994 3
969 978 3
229 859 3
652 861 1
444 799 3
333 972 3
67 149 1
67 517 1
452 795 3
950 970 1
281 823 3
943 992 1
179 797 3
418 715 1
568 903 1
316 944 1
476 565 3
43 99 1
518 596 1
52 490 3
807 933 1
305 673 3
3 542 1
1 827 1
349 973 1
141 641 1
684 885 3
131 748 1
700 944 1
76 589 3
748 755 3
312 824 1
342 661 1
375 876 3
679 719 3
232 448 1
251 398 1
123 681 1
281 463 3
683 843 1
20 287 3
537 584 3
124 906 3
799 911 3
719 820 3
334 942 1
148 887 3
325 461 3
158 344 3
96 472 1
350 887 3
445 921 1
385 667 3
108 318 1
426 476 1
353 473 3
408 448 3
207 901 1
667 908 1
486 902 1
454 709 1
578 862 1
425 619 1
144 264 1
541 609 3
135 974 1
71 154 3
157 704 1
13 181 1
262 462 3
353 840 3
286 308 1
381 765 3
193 966 3
178 572 1
285 907 3
776 924 3
887 938 3
222 448 1
639 847 1
157 877 1
734 969 1
277 744 1
393 564 3
451 634 3
92 659 3
896 909 1
465 726 1
48 180 1
249 271 1
276 460 3
470 597 3
32 586 1
69 477 3
104 215 1
849 864 3
408 774 1
106 952 3
493 910 3
307 489 3
12 913 3
76 387 1
185 920 1
526 914 1
476 815 3
455 498 1
554 714 1
625 788 1
289 438 1
249 459 1
544 597 3
742 886 1
381 778 3
772 881 3
387 913 1
80 537 3
48 512 1
331 592 1
440 906 3
413 457 1
629 965 1
165 761 1
489 830 1
353 739 3
110 443 1
90 837 1
433 735 1
502 502 3
28 204 1
353 899 3
191 699 1
260 755 1
553 928 3
667 885 3
473 682 1
103 765 3
499 679 1
515 805 3
26 842 3
287 311 3
499 577 1
276 498 1
331 776 3
278 955 1
305 437 3
213 263 1
602 858 3
279 577 3
39 43 3
595 609 3
61 531 3
616 786 3
691 923 3
36 994 3
300 457 1
73 889 3
496 608 1
539 570 3
864 963 1
149 493 3
143 193 3
77 420 1
65 910 3
435 539 3
387 981 3
123 915 1
11 959 1
221 832 3
851 955 1
368 432 3
790 895 1
184 219 3
430 910 1
85 588 3
77 299 1
451 536 1
95 561 3
224 374 1
92 619 1
311 614 3
438 748 3
48 868 1
4 397 3
825 844 1
146 957 3
167 604 1
445 463 3
647 656 3
217 839 3
291 910 3
699 814 3
532 980 1
880 963 1
131 856 1
663 884 1
55 76 1
95 702 1
172 667 3
90 822 1
766 915 1
705 937 3
231 888 3
240 957 3
155 993 3
74 623 3
229 849 3
763 935 3
265 338 3
754 989 3
152 677 1
535 673 1
681 789 1
7 821 1
415 927 3
50 437 3
456 626 1
838 941 1
98 705 3
325 575 3
644 874 1
471 786 1
922 945 1
463 713 1
529 969 1
153 535 3
652 791 1
272 828 1
46 605 3
345 510 3
798 848 3
122 826 1
423 624 1
27 719 1
359 973 1
123 477 1
353 912 1
159 249 1
78 898 1
682 728 1
245 736 1
289 979 3
76 918 3
167 863 1
2 217 1
580 683 1
454 856 1
216 228 1
301 508 3
655 906 1
302 399 1
908 975 3
186 833 1
307 859 1
22 929 1
344 833 1
422 519 1
479 875 3
101 889 3
371 373 3
27 269 1
250 585 3
197 257 1
635 974 3
475 888 1
598 639 1
796 979 1
466 969 1
287 839 3
36 413 3
205 389 1
70 838 3
68 653 1
58 618 1
411 602 1
132 515 3
336 886 1
302 522 3
105 958 3
800 879 1
150 827 3
224 733 3
507 854 3
422 982 1
23 475 1
155 532 3
191 811 3
631 649 3
33 717 1
634 700 3
207 815 1
135 462 1
410 422 1
470 772 1
737 848 3
205 608 3
599 978 1
87 391 1
663 821 3
351 554 3
472 503 3
76 164 3
500 689 3
862 903 3
405 635 3
515 886 3
468 675 1
210 975 3
75 372 3
166 915 3
131 500 1
352 760 3
21 272 3
132 151 3
128 362 3
190 565 3
474 737 1
415 549 1
300 649 3
186 239 3
33 749 1
483 914 1
246 799 3
150 702 3
475 823 1
356 503 1
187 346 1
612 955 3
340 797 3
200 369 3
371 543 3
81 341 1
291 825 3
373 731 3
624 874 1
330 413 3
549 811 1
191 718 1
65 861 1
432 973 3
23 34 1
174 584 1
465 663 1
673 769 1
144 689 1
403 940 3
488 959 3
223 837 3
620 958 3
219 419 1
488 919 1
446 807 3
409 718 3
211 790 1
270 695 3
736 966 1
108 781 3
274 431 3
40 936 1
622 976 1
290 880 1
6 19 1
332 711 3
35 992 1
460 717 3
84 567 3
161 312 1
507 512 1
98 664 1
169 560 3
52 332 1
191 416 3
246 307 1
614 783 1
448 760 1
852 895 3
215 353 1
71 685 1
438 855 1
40 783 1
12 303 3
551 599 1
105 563 3
676 822 1
343 855 1
29 594 3
440 823 3
239 650 1
280 582 1
179 643 1
110 743 3
391 757 3
329 733 3
586 943 1
155 404 3
420 479 3
384 515 1
286 802 3
571 924 1
121 364 1
668 922 3
34 691 3
296 335 3
949 951 3
285 691 1
21 338 3
192 517 3
350 483 3
134 266 3
153 343 1
332 813 1
399 885 1
73 501 1
77 359 3
306 576 1
323 838 3
410 445 3
372 551 1
197 687 1
13 466 1
52 134 1
128 521 3
155 572 1
693 991 1
61 919 1
574 639 1
21 74 1
509 512 1
226 508 1
77 234 1
67 751 3
233 793 3
280 453 1
123 127 1
664 905 1
235 731 1
325 555 3
321 485 3
285 604 3
266 336 3
148 751 3
182 764 3
325 433 3
612 687 1
163 328 3
21 863 3
85 889 3
218 412 3
389 430 1
177 660 1
20 394 3
560 906 1
222 654 1
894 987 3
276 616 1
398 739 1
569 602 1
215 333 1
78 104 1
440 741 3
695 798 3
76 621 1
144 695 3
447 973 3
118 895 1
15 350 3
421 491 1
449 738 3
491 972 1
295 461 3
136 527 3
660 801 1
280 596 3
408 978 3
624 642 1
172 484 3
46 532 3
347 539 1
252 368 1
155 522 3
321 338 1
109 733 3
148 422 1
47 996 3
416 575 1
363 620 1
122 701 1
518 615 1
339 622 3
766 879 3
780 907 3
220 515 3
80 960 3
158 258 1
397 544 1
590 729 3
501 875 3
114 333 1
356 538 1
262 263 3
96 728 1
87 525 1
848 931 3
578 740 3
96 618 1
503 745 3
376 948 3
242 801 1
122 281 3
67 284 3
376 384 1
444 719 1
352 783 1
433 943 1
64 885 1
70 950 3
147 817 1
256 332 1
581 694 3
292 479 1
322 614 1
649 651 1
92 290 3
16 771 3
59 832 1
296 813 1
251 536 3
45 613 3
213 627 1
200 614 1
605 911 1
367 427 1
41 92 1
621 804 3
843 901 3
293 427 3
274 458 3
973 975 3
77 619 1
135 592 1
311 323 1
341 927 1
698 953 1
774 920 1
343 406 3
22 478 1
830 987 1
781 832 1
131 489 3
25 545 3
873 925 3
521 577 3
148 914 3
397 615 3
914 985 1
180 573 3
420 902 3
169 795 1
244 446 1
924 978 1
458 900 1
360 684 1
524 630 3
327 685 3
84 990 3
8 272 1
124 776 3
21 456 1
414 892 1
76 565 1
232 634 1
122 668 3
359 605 3
252 441 3
88 286 1
298 513 3
594 993 1
954 968 3
