995 995
302 781 3
350 821 3
423 470 1
269 801 3
661 790 3
227 612 1
574 870 3
721 913 3
921 993 3
304 454 1
276 786 3
107 298 3
624 638 1
590 629 1
776 856 1
435 664 1
106 205 1
437 575 1
560 824 1
645 895 1
520 836 1
231 733 3
249 774 3
742 947 3
443 837 1
346 750 1
114 628 3
409 846 1
506 751 3
150 366 1
184 552 3
126 733 1
105 717 3
216 523 3
670 767 1
731 791 3
163 324 1
328 398 1
770 833 3
413 727 1
628 991 3
482 747 3
8 626 3
626 988 1
677 901 1
366 755 1
97 827 3
242 455 1
235 884 1
17 847 1
253 312 3
849 903 3
811 971 3
243 395 1
457 691 1
34 639 3
303 888 1
447 636 3
437 727 1
166 186 1
572 631 3
255 616 1
676 955 1
174 706 1
836 962 1
166 408 1
162 674 1
326 411 3
184 626 3
482 699 1
655 859 1
56 684 1
247 975 3
375 771 3
482 889 1
323 539 3
198 632 3
80 116 1
310 771 3
289 376 1
444 778 3
882 913 1
679 825 1
152 621 1
70 640 1
5 876 1
112 956 1
387 872 3
90 248 1
3 140 1
474 953 3
194 386 1
22 42 1
248 480 1
501 746 1
171 565 1
88 267 3
117 850 3
435 834 1
193 708 1
39 415 1
123 530 1
203 656 1
383 795 3
888 931 3
253 420 3
154 728 1
116 334 3
720 971 1
305 836 1
621 674 3
122 959 3
115 658 3
64 370 1
174 306 3
306 711 1
505 615 1
892 907 3
401 789 1
197 335 1
306 829 1
19 181 1
675 712 3
744 794 1
192 695 1
616 931 3
64 306 1
502 838 1
113 685 1
349 761 1
247 742 3
788 857 3
551 596 1
280 761 1
355 885 3
626 979 3
353 375 3
40 925 1
357 444 1
78 827 1
143 558 3
75 382 1
108 376 3
450 824 3
239 292 1
69 604 3
264 545 1
253 318 3
194 701 3
236 991 3
172 280 3
584 988 3
167 659 3
26 166 3
352 719 1
148 934 3
49 936 3
384 899 3
387 596 1
632 976 1
193 643 1
223 798 3
117 704 1
6 912 3
212 850 1
764 786 1
245 576 1
218 587 3
83 678 3
894 920 1
400 881 3
224 913 3
217 628 1
22 500 3
36 599 1
624 776 3
508 834 3
714 812 1
707 974 1
487 551 3
361 955 3
320 921 1
444 742 3
911 959 3
140 586 1
220 951 1
277 944 1
543 756 1
10 908 3
9 951 1
327 865 3
118 327 1
406 560 3
662 992 1
454 753 3
299 707 1
668 782 3
173 523 3
481 962 3
327 666 1
39 435 3
64 829 1
589 775 3
89 822 3
721 803 1
288 650 1
340 645 1
609 671 3
62 137 1
452 554 3
93 848 1
348 687 3
213 752 3
162 610 1
293 634 3
30 652 1
232 509 1
715 958 1
313 611 1
97 659 3
817 957 1
370 594 3
801 912 1
608 787 3
95 568 1
889 900 3
230 405 1
140 786 3
182 603 1
97 877 1
402 808 3
426 893 3
430 861 1
496 574 3
40 73 1
40 523 1
262 497 3
937 945 1
203 555 1
447 469 3
316 846 3
733 777 1
238 679 3
376 428 3
866 891 1
319 946 3
163 184 3
306 967 1
489 610 3
149 968 1
477 680 3
148 579 3
319 749 1
775 831 3
70 723 3
300 664 1
477 919 1
335 491 1
234 657 1
745 789 3
364 928 1
120 181 1
152 215 3
77 748 1
637 649 3
203 234 3
366 916 1
778 829 1
384 631 3
671 735 3
347 356 3
167 762 1
498 983 1
655 753 3
288 919 1
257 802 3
29 648 3
866 882 3
118 512 1
222 977 1
687 897 3
863 991 1
536 794 1
129 190 1
518 793 1
333 767 3
646 824 1
312 408 1
826 840 1
80 233 1
60 752 1
695 706 1
15 758 1
174 483 1
629 630 1
723 975 3
168 868 1
132 980 1
522 567 1
58 304 3
323 946 3
212 521 1
155 217 3
185 680 3
232 419 3
30 284 1
435 922 1
170 401 3
8 189 1
184 389 3
72 904 1
56 942 1
298 533 3
402 428 1
20 454 3
360 872 3
728 929 1
330 675 3
553 924 1
45 750 1
766 983 1
270 751 1
169 636 3
160 403 3
28 385 3
24 215 1
866 945 1
11 86 1
537 690 1
28 137 1
398 662 1
76 841 3
295 758 3
635 980 3
132 430 3
584 626 1
302 408 3
238 696 1
396 650 1
82 461 1
220 578 3
321 489 3
900 917 3
304 417 3
84 367 1
804 933 1
436 732 1
194 286 3
547 722 3
242 349 1
834 966 1
357 692 3
383 560 3
365 597 1
307 646 3
286 488 3
420 551 1
758 954 3
17 45 3
419 764 1
183 680 3
425 714 3
432 781 3
236 602 3
76 190 1
333 396 1
540 793 3
415 630 3
37 605 1
818 847 1
265 303 1
181 365 3
35 828 1
425 542 1
647 919 3
179 790 3
53 663 3
302 915 1
173 846 1
612 740 3
307 427 3
497 587 1
101 379 3
135 509 3
588 834 3
152 622 3
816 818 3
103 413 3
282 773 3
208 297 3
333 433 3
440 552 3
411 900 1
582 727 1
457 499 3
172 981 1
499 607 1
625 881 1
5 631 1
256 965 1
754 879 1
109 352 3
406 473 1
525 755 1
199 457 1
187 562 3
5 572 1
444 525 3
32 717 3
471 910 1
315 929 1
174 859 3
58 839 3
44 775 3
66 854 1
297 463 1
430 546 1
203 207 3
204 268 1
590 920 1
415 698 3
210 698 1
532 930 3
479 931 1
596 734 3
430 445 3
962 983 1
334 663 1
271 920 3
9 300 1
9 318 1
136 461 3
555 635 1
228 776 3
420 716 3
36 637 3
442 654 3
222 566 1
435 734 3
830 853 1
275 287 3
198 784 1
596 788 1
289 533 3
815 832 1
550 609 1
135 839 3
140 649 1
112 557 1
169 905 1
493 582 1
177 493 1
782 863 1
247 753 1
27 321 3
604 907 1
767 774 1
4 223 1
389 513 3
198 296 3
850 884 3
275 686 1
320 407 1
525 976 1
14 55 3
446 523 3
699 933 3
281 805 3
53 117 1
200 397 3
285 582 3
14 580 3
231 359 1
821 991 3
13 287 3
7 229 1
535 589 3
284 562 3
359 610 1
107 840 3
159 736 1
134 903 3
430 462 1
241 654 1
575 659 3
531 945 1
263 618 3
105 762 1
356 915 1
371 543 3
670 929 3
143 487 1
7 891 3
129 171 3
110 761 1
225 700 1
225 491 3
185 914 1
804 953 3
340 706 3
462 660 3
154 207 1
92 292 1
440 816 3
397 913 3
40 634 1
162 647 1
623 894 3
41 895 1
361 871 1
323 724 3
111 667 1
344 817 3
675 904 3
163 887 1
648 932 3
325 807 3
79 928 1
39 533 1
358 691 1
825 905 3
140 895 3
734 863 3
359 494 3
801 954 1
730 975 3
32 675 1
101 746 3
554 811 3
71 968 1
203 393 3
905 906 3
533 771 3
12 719 1
442 687 3
617 870 3
45 547 3
748 859 1
593 975 3
322 990 1
595 727 3
35 922 3
156 655 3
665 943 3
156 781 1
733 934 1
316 601 1
591 629 3
646 961 1
864 933 3
132 163 3
210 508 3
89 207 1
239 719 3
61 377 3
178 859 3
412 746 1
400 806 1
248 346 3
83 641 3
699 919 3
449 965 1
127 714 3
176 275 1
100 703 1
627 772 3
477 933 1
340 715 3
92 235 1
397 612 1
193 913 1
8 901 1
270 736 1
137 660 3
248 621 3
656 981 3
421 428 1
563 995 1
410 845 1
127 255 1
88 740 1
16 527 3
523 759 3
230 806 1
227 612 1
407 478 1
37 694 3
52 587 3
327 946 3
110 669 1
49 295 3
33 515 3
822 836 1
383 474 1
712 963 3
155 886 3
4 311 3
334 425 3
278 287 3
86 482 1
287 329 1
179 520 1
140 280 3
99 642 3
271 671 3
558 716 1
299 712 1
108 518 3
297 414 3
90 252 3
371 656 1
310 549 3
951 958 3
955 956 1
766 941 3
242 813 3
289 875 3
724 918 1
569 947 3
117 522 1
94 802 1
320 505 3
147 629 1
401 903 1
823 964 1
291 483 3
69 448 3
80 141 3
453 669 1
391 817 3
765 791 3
170 497 3
361 372 3
202 925 1
31 471 1
337 841 1
46 738 1
19 888 1
326 376 1
193 284 3
441 510 3
589 707 3
275 546 3
467 923 1
76 269 3
428 563 1
290 545 1
104 529 1
186 797 1
565 943 3
424 945 3
10 143 1
226 666 1
354 898 1
258 911 1
337 757 1
364 546 3
547 699 3
46 456 1
703 841 1
638 649 3
690 818 1
338 817 1
205 577 1
363 829 1
767 922 1
169 588 3
612 923 1
385 931 1
505 795 1
109 881 1
694 929 1
35 679 3
179 607 3
236 799 1
487 561 3
623 730 1
232 296 3
63 400 3
235 983 3
683 828 3
438 639 3
679 830 1
346 688 3
53 228 1
342 522 3
402 630 3
13 857 3
105 955 1
625 881 1
129 910 1
139 870 1
201 488 3
771 899 3
588 635 3
177 489 1
23 111 3
8 617 1
631 788 1
98 874 1
144 695 1
316 635 3
77 901 1
320 778 3
795 884 3
197 886 3
721 786 1
146 711 3
452 469 1
158 626 3
390 895 1
715 834 3
346 581 3
310 638 3
360 889 1
740 802 3
143 185 1
166 671 3
868 946 1
481 893 3
258 504 1
286 355 1
269 664 3
343 547 1
82 281 3
24 274 1
351 869 1
60 308 1
684 736 1
328 708 1
54 443 1
5 489 3
312 865 1
121 963 3
504 636 3
554 566 1
80 284 3
41 474 1
684 948 3
160 749 1
365 923 1
136 941 1
320 441 1
48 344 3
449 776 3
902 952 3
182 819 3
55 100 1
615 885 1
234 746 1
614 794 1
32 367 1
321 504 1
166 250 3
85 728 3
228 566 1
262 991 3
726 861 1
294 908 1
569 855 1
576 814 3
657 904 3
129 387 1
132 135 1
600 622 1
134 890 1
117 798 1
572 681 3
36 921 1
131 410 1
727 887 1
74 894 1
755 843 1
130 250 1
15 268 3
152 327 3
60 631 1
352 444 3
74 859 1
593 736 1
286 993 3
675 895 1
460 530 1
587 828 3
615 710 1
581 714 1
71 760 1
866 985 1
221 667 1
181 261 3
162 184 1
157 398 3
820 905 1
412 749 3
80 128 3
415 456 1
179 968 1
324 618 1
273 706 3
153 414 3
41 684 1
268 549 3
230 501 3
773 889 1
251 335 1
237 888 1
656 843 1
521 796 3
301 427 3
73 839 1
463 885 1
336 567 1
43 716 1
780 969 3
14 482 1
849 990 3
637 918 1
94 655 3
473 763 3
144 265 3
465 704 1
761 971 3
381 777 1
99 960 3
234 830 1
336 732 1
151 671 3
74 882 1
79 820 1
145 641 3
154 989 1
314 977 1
660 674 1
452 788 3
55 72 1
115 670 1
633 756 1
55 445 3
153 262 1
916 936 3
3 254 1
397 665 3
524 981 3
120 953 3
722 832 3
758 895 3
8 30 1
291 689 3
243 990 1
361 522 3
491 741 1
436 483 3
246 641 3
557 971 1
8 31 1
3 464 1
125 977 3
44 343 1
75 360 1
163 897 3
422 788 1
284 972 1
728 784 1
274 599 1
414 911 1
55 211 1
116 159 1
434 905 1
211 240 1
633 938 3
237 782 3
257 496 1
158 544 1
38 731 3
184 774 1
773 922 1
255 454 1
450 814 1
164 177 3
318 493 3
535 564 1
94 245 3
38 623 3
287 349 3
214 783 3
245 906 1
447 666 3
64 77 1
146 898 3
570 659 1
237 563 3
438 844 3
487 584 3
183 949 1
133 497 3
721 926 3
252 838 1
236 730 1
523 569 3
727 824 3
485 939 3
210 739 3
711 926 3
71 597 3
591 778 3
107 814 3
601 722 1
86 730 1
37 407 3
243 753 3
558 836 1
182 652 1
961 987 3
430 455 3
58 992 3
121 593 1
149 631 1
75 853 1
480 726 3
202 379 3
298 677 3
285 689 3
571 830 1
148 459 1
333 878 1
155 390 1
246 841 3
416 912 3
899 941 3
594 768 1
141 813 3
138 152 1
112 399 1
705 722 1
190 535 3
31 145 1
352 742 1
77 790 3
144 610 3
150 677 3
841 899 1
390 867 3
228 721 3
973 988 1
21 250 3
273 332 1
370 377 3
555 745 3
719 991 1
405 885 3
569 783 1
301 536 1
4 923 1
329 552 1
407 695 3
288 509 1
168 952 1
270 633 1
270 373 3
693 862 1
89 566 1
48 966 3
904 920 1
57 142 1
477 538 3
96 168 1
374 494 3
165 639 1
416 660 1
279 861 1
421 609 3
159 186 1
837 881 3
739 848 3
543 879 1
31 225 3
672 723 1
430 974 3
498 753 3
181 473 1
68 973 3
323 364 1
222 672 3
419 877 1
143 291 1
294 744 3
431 736 3
158 306 3
513 906 3
4 907 1
850 885 1
363 418 3
651 781 3
313 756 3
347 607 1
