994 994
493 498 3
139 671 1
346 979 3
225 373 3
331 891 3
185 986 1
618 916 1
15 120 1
7 420 1
20 924 1
301 507 3
184 937 1
371 938 3
114 117 3
32 484 1
99 637 3
770 971 3
630 651 3
715 788 1
363 501 3
639 896 1
86 143 3
170 979 1
207 741 3
526 565 3
29 909 1
754 811 3
444 615 1
264 922 1
431 673 1
713 781 1
430 686 3
162 385 3
45 161 3
39 638 3
212 868 3
843 886 3
158 472 1
67 975 3
716 905 1
384 497 3
634 703 3
52 484 3
258 708 3
180 501 1
292 766 1
642 758 3
305 777 3
148 296 1
814 838 1
96 518 1
90 115 1
82 747 3
126 870 3
396 724 1
272 958 3
362 581 1
252 574 3
2 163 3
338 971 3
502 622 1
60 519 1
381 967 3
239 918 1
76 959 3
13 415 3
44 266 3
352 414 1
152 924 1
551 739 1
312 589 3
121 325 3
34 602 3
255 630 1
386 489 3
508 988 3
68 942 3
339 355 3
317 392 1
184 305 1
190 465 3
245 810 3
89 544 3
101 137 1
177 343 1
187 225 1
455 519 3
549 860 1
211 465 1
477 681 1
525 611 3
600 714 1
333 634 3
639 865 1
375 978 1
580 869 3
459 792 3
321 873 3
17 55 3
275 710 1
106 468 1
361 988 1
426 729 3
690 767 3
119 633 3
727 761 1
269 756 3
3 197 3
545 770 1
383 905 1
549 882 1
743 772 3
36 218 1
159 608 3
53 556 1
372 421 3
258 809 3
67 163 1
438 975 3
498 540 3
241 871 3
94 664 1
694 975 1
161 962 3
239 679 1
205 794 1
106 791 3
424 589 1
353 745 3
398 942 3
850 991 3
204 989 3
6 143 1
607 816 3
353 950 1
24 620 3
349 729 3
25 359 3
605 684 1
626 865 1
102 210 1
157 924 3
354 804 3
99 916 3
599 792 1
277 687 3
303 817 3
295 727 1
313 825 3
178 685 3
239 994 3
231 956 3
283 372 3
258 391 1
376 418 3
742 909 3
507 862 1
486 546 1
434 459 1
309 443 1
184 514 3
479 878 3
568 631 1
494 945 3
713 731 1
6 642 1
16 390 1
274 798 3
846 899 1
351 405 3
548 645 1
138 267 1
261 632 1
445 633 1
144 601 1
760 936 1
581 823 3
273 557 1
212 736 1
148 347 3
171 253 1
95 442 3
968 989 1
194 532 1
385 386 3
36 503 1
144 270 1
328 438 1
745 931 1
278 443 3
177 567 1
178 765 1
447 988 3
653 690 3
117 820 3
232 569 1
258 353 1
637 831 1
76 366 3
230 481 1
854 981 3
53 562 1
95 576 1
859 895 3
377 710 1
132 420 3
692 972 1
368 548 1
279 590 3
277 423 3
462 629 1
359 377 1
735 842 3
143 675 1
450 667 3
473 962 3
326 918 3
431 690 1
103 974 3
274 529 1
33 452 1
954 972 1
74 350 3
606 898 3
371 954 1
783 977 1
700 750 1
180 739 1
390 928 1
5 424 1
365 566 1
251 471 3
39 810 3
446 630 3
46 613 1
142 656 3
405 495 1
96 152 1
676 712 1
364 664 1
243 675 1
292 845 3
285 653 1
131 368 1
267 625 3
481 777 1
251 553 1
775 785 1
130 211 3
10 432 3
453 829 1
612 749 3
296 474 1
713 862 3
208 522 1
547 796 1
125 254 1
592 878 1
580 828 1
624 839 3
283 773 3
646 677 3
160 694 3
245 346 1
182 525 3
191 653 1
376 753 3
50 252 3
264 653 1
867 993 1
68 361 1
304 461 1
253 748 1
32 234 1
233 735 1
21 868 1
231 858 3
349 730 1
252 476 3
267 560 3
220 357 3
378 755 1
270 805 3
390 879 3
40 519 1
810 830 3
329 642 3
24 628 3
127 222 1
950 953 1
221 836 3
281 536 1
205 606 1
298 720 1
705 786 3
58 350 1
78 947 1
71 632 3
98 364 3
77 793 1
469 863 3
253 838 1
50 415 3
727 888 1
741 859 1
569 849 3
147 608 1
528 631 3
61 246 3
226 387 3
186 898 3
3 381 1
216 791 1
93 322 3
214 966 1
396 601 3
248 329 1
343 862 3
455 776 3
228 517 1
664 905 1
906 958 1
598 663 1
82 557 1
124 688 3
93 731 3
439 948 3
557 724 1
210 785 3
114 604 3
305 616 1
32 508 1
480 588 3
515 805 3
895 898 3
135 847 3
89 353 3
83 270 1
40 748 3
151 764 1
234 845 1
77 389 1
39 831 3
201 950 1
278 648 1
176 820 3
585 907 3
489 548 1
102 786 3
63 835 3
263 980 3
785 979 1
534 583 3
90 94 1
308 874 3
730 881 1
94 541 3
408 947 3
678 760 1
138 323 3
500 899 1
390 826 1
99 110 1
707 847 1
82 263 1
331 883 3
646 923 1
183 825 3
647 659 3
552 599 3
121 455 3
467 830 3
618 881 3
207 344 1
60 249 1
765 963 3
246 458 3
395 403 3
192 804 3
287 292 1
74 637 3
237 384 1
456 676 3
398 929 3
278 857 3
15 438 1
521 905 1
59 460 1
215 351 3
44 359 3
511 807 1
243 825 1
314 906 3
189 940 3
374 786 3
33 103 3
102 308 3
726 906 3
6 794 3
293 893 1
221 634 1
76 162 1
347 634 3
700 817 1
35 393 1
867 923 3
284 307 3
323 953 3
533 994 3
222 333 1
34 761 1
265 515 1
363 881 3
169 361 3
113 773 1
496 900 3
574 839 3
524 679 3
68 794 3
310 377 1
379 649 3
476 574 1
460 950 1
699 770 1
423 781 3
524 857 3
124 159 3
634 750 3
480 993 3
768 927 3
200 702 1
170 579 1
353 804 1
1 376 1
702 838 3
218 806 1
565 975 3
195 507 3
743 800 1
545 711 1
544 574 1
105 512 1
79 915 3
473 696 1
173 559 3
844 947 3
349 371 1
125 549 3
46 770 3
332 730 1
167 882 1
17 118 1
130 397 1
277 985 3
110 267 1
718 946 1
441 469 1
521 892 1
156 240 1
86 710 3
195 223 1
424 841 3
65 129 1
345 901 1
514 987 3
197 210 3
21 970 3
470 979 1
307 505 3
565 908 3
224 623 3
483 929 1
263 829 1
195 905 1
90 629 1
37 306 3
231 864 3
238 536 1
374 567 1
116 189 3
493 773 1
352 380 3
6 223 3
100 215 1
222 508 1
449 821 3
234 684 3
498 991 3
94 409 1
565 811 1
615 789 3
385 988 3
207 803 1
38 456 1
140 581 3
336 607 3
257 490 3
636 930 3
304 378 1
306 513 3
199 615 1
277 334 3
181 494 3
91 751 3
314 375 3
508 569 1
240 269 1
409 571 3
30 440 3
63 593 1
136 779 3
98 383 3
103 839 3
665 959 1
787 931 3
71 753 3
548 675 3
233 286 1
349 888 3
335 441 1
425 653 3
44 329 1
101 139 3
326 940 3
713 717 1
221 367 3
321 661 1
30 492 1
697 936 3
429 921 1
2 481 3
665 852 1
514 879 1
291 881 1
650 792 3
315 397 3
542 941 1
477 906 1
647 977 1
556 867 1
181 242 1
594 738 3
369 772 3
449 791 1
201 422 1
208 452 1
202 850 3
308 341 1
439 685 1
61 152 1
254 835 3
3 532 1
228 612 1
49 118 1
121 749 3
451 543 1
691 971 1
225 620 3
553 954 1
613 968 3
729 992 3
102 816 3
974 989 1
512 681 3
15 197 3
425 879 3
166 323 1
416 861 3
896 929 3
297 751 1
229 380 3
353 764 3
824 859 1
158 369 1
160 463 1
483 542 1
363 914 3
223 697 1
39 596 3
91 896 3
342 858 3
333 399 3
95 97 3
302 702 3
579 910 3
159 757 1
7 569 3
343 911 1
149 968 3
584 857 1
78 207 3
730 962 3
710 842 3
639 938 1
851 911 1
888 937 3
11 44 1
435 828 1
215 806 1
336 631 3
67 636 1
399 679 1
524 860 3
296 540 3
114 780 1
139 407 1
384 804 3
253 948 3
439 808 3
89 522 3
22 478 1
746 987 1
174 707 1
45 145 3
51 411 1
791 824 1
138 313 1
464 527 3
18 804 3
282 803 3
40 585 3
259 355 1
844 910 3
11 466 3
500 580 1
3 823 3
76 836 3
30 627 3
196 803 1
251 548 3
14 777 3
273 942 3
178 991 1
124 646 3
546 973 3
340 478 3
911 948 3
648 800 1
368 694 1
33 299 3
413 866 1
734 911 1
13 734 3
37 900 3
447 807 3
107 144 3
303 449 1
837 929 3
268 669 1
180 315 1
221 367 3
419 718 1
540 907 3
486 546 1
461 645 3
378 635 1
242 576 3
173 335 1
498 681 3
782 987 1
385 690 3
523 829 1
257 443 3
145 914 3
509 608 1
193 898 1
107 544 3
73 714 3
427 805 1
209 885 1
199 701 3
655 938 3
406 565 3
173 538 3
339 523 1
178 749 1
360 429 3
797 958 3
116 549 1
400 780 3
354 464 1
562 902 1
94 960 3
136 883 1
21 62 1
7 86 3
316 932 1
422 445 3
254 743 1
212 919 1
163 777 1
480 499 1
411 994 1
557 663 1
307 613 3
165 654 3
63 537 1
212 884 1
43 718 3
296 322 3
41 77 1
175 848 1
18 215 1
72 589 3
291 823 3
577 797 1
89 393 1
1 80 3
692 988 3
325 681 1
627 948 1
555 680 3
124 650 1
194 904 3
75 200 3
346 922 1
295 567 3
171 378 3
449 719 1
137 243 1
686 782 3
352 542 3
361 989 3
515 605 3
45 543 1
188 691 1
410 944 3
212 768 3
282 820 1
159 836 1
141 305 1
129 201 1
23 96 1
105 780 3
124 379 3
471 637 1
498 900 3
93 415 1
938 973 3
366 555 1
622 904 3
619 823 3
438 811 1
297 709 3
261 895 1
338 922 1
24 38 1
333 689 1
403 797 1
688 829 3
289 404 1
220 306 1
89 680 3
661 935 1
133 916 3
773 868 1
319 747 1
319 756 3
594 722 3
441 794 1
81 731 1
274 547 3
20 685 1
580 769 3
444 582 1
497 826 3
531 852 1
144 982 1
358 454 1
647 827 3
357 704 1
327 620 3
79 836 3
142 361 3
623 814 3
323 948 1
238 402 1
449 616 3
380 764 1
576 703 1
199 917 1
565 779 1
422 847 3
227 585 1
424 481 3
104 589 1
56 614 3
475 585 1
285 567 3
823 977 1
134 751 3
548 604 3
896 936 3
474 689 1
800 956 1
711 953 1
504 563 1
328 658 3
189 743 3
153 698 3
549 677 3
601 657 3
257 299 3
432 563 1
279 289 3
144 939 1
811 851 3
816 988 1
843 971 1
369 509 3
69 76 3
361 452 1
15 436 3
443 449 3
230 510 1
244 675 1
702 963 3
365 838 3
399 537 1
375 548 1
479 945 1
79 787 1
617 634 3
820 883 1
324 920 3
84 744 3
768 951 1
155 917 1
300 721 1
392 899 3
951 961 3
289 633 3
31 289 3
584 978 1
10 179 1
234 611 1
43 866 1
203 701 1
303 871 3
69 307 1
67 683 3
802 924 1
98 364 3
466 873 3
268 803 1
94 799 3
287 749 3
88 665 3
247 279 3
334 778 1
190 841 3
65 617 3
190 209 1
141 586 3
331 586 3
486 672 1
858 945 1
102 270 3
383 412 1
622 840 3
356 406 3
19 246 3
110 964 3
541 876 3
186 190 3
597 708 3
177 417 3
499 924 3
420 480 1
97 501 1
179 221 3
600 675 1
729 908 3
920 961 1
123 476 1
14 412 3
5 938 1
80 245 3
402 648 3
287 315 1
112 287 1
42 590 1
574 646 3
848 884 1
779 927 3
44 155 1
192 991 1
125 631 3
64 647 3
867 896 1
61 615 1
521 609 3
199 921 1
549 804 1
348 573 1
16 314 1
416 556 3
430 719 1
161 883 1
229 742 3
69 267 1
512 519 3
263 966 3
456 540 1
527 802 1
625 873 1
661 840 1
147 372 3
146 603 1
454 826 3
381 451 1
10 688 3
159 257 3
104 182 1
158 894 3
53 479 3
787 930 3
159 773 1
51 794 1
358 526 1
563 796 3
266 966 3
472 483 1
260 610 3
311 850 3
127 439 3
736 961 3
683 814 1
301 544 1
79 931 1
498 991 3
393 895 3
722 765 3
173 712 3
463 916 3
90 577 3
601 958 1
355 639 1
207 697 1
458 933 1
152 200 1
728 748 1
55 154 3
517 575 3
4 614 3
786 817 3
555 922 1
72 394 1
9 596 1
339 817 3
55 705 3
247 432 1
557 846 1
557 819 3
687 780 1
68 632 1
464 536 1
84 796 1
316 369 1
622 692 3
868 948 3
208 824 1
568 818 3
295 599 3
190 968 3
543 838 3
513 608 1
1 317 3
205 555 3
710 895 1
2 301 1
281 854 1
375 841 3
22 987 3
151 570 3
497 546 1
247 827 3
241 917 3
225 944 3
497 862 1
363 697 3
249 480 3
426 508 1
86 372 3
284 629 1
279 850 3
616 934 3
201 460 3
179 625 3
941 966 1
26 622 1
105 674 3
501 967 1
721 808 3
