993 993
127 908 3
361 511 1
609 862 1
395 620 3
92 258 3
70 767 3
665 816 1
17 817 1
147 497 1
166 581 1
460 676 3
95 611 1
726 857 3
235 865 3
484 603 1
345 363 1
321 796 3
647 905 1
601 958 3
328 338 1
224 717 1
34 97 3
674 900 1
389 696 1
201 315 3
529 693 1
348 802 3
175 581 3
33 224 3
100 496 1
714 737 3
558 613 1
366 438 3
657 962 1
281 340 1
445 786 1
279 789 1
27 86 3
310 668 1
261 982 1
120 747 3
80 928 3
539 948 3
201 632 3
147 764 1
155 983 1
348 939 1
186 511 3
455 510 3
94 368 1
459 508 3
811 983 3
29 916 1
931 993 1
59 255 3
134 960 1
278 409 3
390 973 1
624 957 3
149 883 3
522 731 3
146 395 3
198 647 3
608 760 1
199 325 3
159 722 3
516 617 1
247 944 3
38 668 1
390 456 3
157 344 3
400 496 3
135 809 3
186 346 3
340 970 1
177 720 3
309 904 3
643 918 1
125 883 1
253 523 1
29 931 1
232 500 1
130 622 1
200 707 1
715 900 1
163 244 1
242 795 3
316 616 3
454 819 3
69 339 1
803 917 1
414 947 3
432 629 1
246 879 3
758 900 1
696 776 3
43 903 3
169 465 1
136 148 1
272 769 3
145 838 1
180 511 1
11 266 1
236 644 1
618 918 3
28 238 3
425 505 3
720 953 3
600 871 3
508 979 3
192 824 3
653 724 1
221 659 1
24 652 3
363 544 3
103 175 3
17 331 1
568 887 1
121 692 3
32 241 1
481 836 3
74 358 1
351 527 3
62 377 3
690 905 3
53 394 1
167 704 1
603 658 1
662 811 1
231 866 3
480 823 3
252 537 3
534 961 3
89 278 3
196 571 1
102 841 3
650 910 1
467 515 3
74 140 3
573 826 1
46 89 1
749 814 1
223 768 3
28 140 1
67 224 3
424 566 3
93 431 1
285 928 1
708 834 3
458 682 1
423 694 1
73 438 3
243 884 3
95 352 1
497 527 3
763 778 1
445 929 3
626 691 3
55 352 1
849 991 3
475 851 3
99 887 3
800 917 1
794 799 1
77 944 3
48 768 1
464 527 3
331 440 1
5 323 3
182 306 3
375 423 3
363 610 3
377 947 1
467 852 1
24 651 3
576 674 3
82 585 1
92 896 3
323 765 3
613 684 3
224 662 3
55 833 3
333 712 3
294 862 3
732 814 1
33 601 3
407 694 3
868 940 3
808 916 1
604 909 1
511 838 3
27 905 1
161 723 1
785 977 1
635 918 1
55 945 1
177 515 3
20 536 3
32 706 1
341 850 3
51 747 1
4 907 1
140 317 1
514 738 1
172 983 1
111 247 1
431 715 1
130 374 3
364 415 1
290 536 3
210 487 1
204 398 3
245 307 1
180 649 3
805 846 1
176 783 3
403 851 3
637 973 1
511 679 3
565 838 3
529 562 1
192 824 3
560 791 3
95 985 3
262 567 1
52 838 1
697 825 3
290 891 1
401 892 1
882 921 3
367 462 3
127 376 1
203 674 1
89 838 1
82 135 3
528 785 3
331 597 1
245 341 3
134 969 3
841 906 1
352 489 3
342 459 3
105 234 3
473 474 3
614 870 1
938 960 1
434 670 1
383 861 1
971 972 1
6 681 3
311 546 3
87 743 3
485 691 3
600 662 1
855 871 3
213 765 1
517 962 1
162 887 1
66 372 1
534 652 3
80 442 1
222 679 3
516 862 3
114 450 1
229 419 1
470 541 3
721 967 3
59 592 1
449 945 1
672 864 1
237 828 1
300 773 3
898 953 1
662 915 1
184 914 3
563 630 3
322 351 1
390 897 1
250 749 3
478 605 1
23 601 3
302 757 3
482 857 3
459 696 1
94 247 1
601 821 1
57 712 1
168 466 1
476 564 1
129 298 3
455 819 1
220 993 3
450 728 1
431 942 3
438 594 1
324 914 1
137 460 1
67 624 1
464 851 3
63 396 3
468 532 3
231 374 3
287 360 1
267 717 1
86 658 1
440 978 1
589 883 1
590 836 3
439 891 1
588 934 1
91 491 3
203 422 1
857 987 1
253 901 3
886 938 1
347 918 1
151 558 3
724 887 1
278 711 3
203 457 1
842 932 1
345 591 1
47 519 3
63 782 3
199 300 1
498 827 1
66 122 1
53 469 3
277 618 3
201 623 3
772 802 1
313 574 3
257 916 3
434 731 3
277 569 1
87 685 3
770 923 3
711 780 3
613 959 3
376 892 3
417 808 1
25 782 1
260 741 1
492 796 3
196 777 1
48 776 1
679 971 1
179 952 1
168 377 3
39 149 1
592 783 1
68 465 3
646 702 3
103 420 3
64 491 3
287 970 3
634 684 3
153 457 3
556 730 1
339 489 1
711 921 3
34 763 3
509 773 3
69 225 1
544 961 1
372 685 1
529 652 3
802 848 1
539 865 3
130 912 3
641 725 1
15 65 1
354 504 1
604 619 1
122 471 3
120 916 3
569 792 3
704 853 3
684 963 3
292 741 1
34 343 1
892 981 3
176 455 3
339 492 1
101 919 3
553 781 3
113 409 3
72 499 1
584 780 3
508 604 1
520 584 3
567 657 1
275 798 3
227 588 1
156 623 3
492 934 3
228 858 1
766 841 1
101 992 1
278 840 1
426 852 1
322 370 3
479 492 1
563 658 3
807 957 1
184 818 3
239 806 3
629 981 1
102 634 1
216 598 1
615 667 1
292 540 3
597 747 3
562 675 1
635 779 1
100 386 1
121 775 3
331 708 3
297 665 3
373 626 3
57 498 3
356 641 3
177 707 1
740 983 1
74 835 1
418 704 1
457 787 1
105 720 3
50 627 3
206 838 1
454 617 3
546 579 3
143 555 1
211 495 3
379 478 1
635 711 3
134 630 1
189 614 3
256 491 1
162 688 1
467 859 1
96 144 1
64 935 3
365 820 1
184 260 3
19 713 1
304 321 3
341 681 3
36 176 3
9 34 1
52 860 1
235 903 1
326 825 1
264 668 3
205 461 3
102 365 3
685 809 3
546 750 3
18 920 3
15 849 1
232 771 1
772 871 1
213 739 3
36 293 1
502 765 3
270 903 3
340 794 1
8 591 3
569 588 1
354 529 1
263 706 3
295 472 1
458 728 3
375 484 3
141 258 3
92 761 1
103 605 3
485 517 3
689 926 1
5 811 3
716 832 1
146 562 1
303 813 3
562 677 1
97 972 1
78 305 3
173 376 3
51 966 3
381 713 3
619 840 1
138 257 1
552 651 1
272 719 1
232 804 1
424 743 3
463 898 1
273 871 3
367 982 3
138 657 1
282 577 1
200 813 3
465 990 3
301 868 1
66 984 3
458 919 3
70 352 1
568 965 3
59 848 1
504 980 1
337 882 1
129 352 3
68 294 3
300 824 3
755 935 3
28 323 1
438 982 3
54 60 1
241 569 3
207 655 3
252 379 1
382 804 1
89 423 3
77 674 1
209 684 1
369 659 1
40 403 3
344 674 1
310 834 3
216 932 3
229 609 1
958 976 3
488 564 1
547 899 3
38 806 3
316 853 3
120 940 3
481 816 1
776 826 1
165 993 3
293 670 3
312 452 3
301 910 1
59 198 3
65 418 1
84 898 1
1 125 1
181 437 1
194 755 1
400 830 3
371 619 1
261 264 3
508 935 3
231 395 1
80 361 3
225 681 1
149 571 1
22 183 3
147 742 1
200 679 3
162 841 3
351 765 1
195 641 1
514 542 1
626 715 1
873 940 1
315 487 1
688 803 1
328 941 3
263 592 1
577 670 1
235 705 1
82 403 3
413 890 1
350 454 1
557 641 3
790 824 3
83 217 3
208 656 3
55 390 1
222 228 1
817 958 1
91 113 3
482 715 1
277 502 1
31 938 3
598 931 1
322 554 3
587 770 3
558 976 3
647 870 1
485 963 1
467 557 3
465 648 3
74 361 1
520 718 1
672 721 1
210 783 1
124 557 1
10 528 1
601 821 1
863 949 3
59 590 1
240 520 1
261 767 3
284 692 1
340 665 1
247 817 3
133 944 3
19 583 3
304 474 3
254 834 3
445 746 3
123 606 1
545 925 1
69 526 3
98 264 3
239 449 3
208 404 1
416 540 1
318 437 1
330 973 3
238 584 3
156 910 1
51 224 3
766 937 3
92 753 3
103 399 1
57 606 1
34 601 3
826 941 3
408 462 3
20 779 1
278 641 1
140 602 1
931 978 1
152 242 3
261 707 3
33 283 1
563 745 1
481 743 1
36 970 1
331 640 1
361 454 3
634 721 1
221 720 1
358 547 3
99 593 1
720 841 1
203 216 3
604 738 3
346 670 1
286 957 3
518 657 1
278 558 3
372 512 3
19 22 3
487 682 1
221 408 1
84 855 1
201 362 3
546 845 3
668 854 3
634 823 1
146 319 1
92 157 3
670 751 1
148 261 1
289 756 3
76 962 3
197 709 3
539 808 3
269 550 1
135 410 1
336 709 3
28 136 3
240 954 3
530 907 1
892 935 3
166 846 1
58 676 1
256 971 1
471 925 3
794 953 1
233 653 3
638 918 1
171 286 1
417 732 3
391 680 3
107 660 1
224 754 1
507 521 1
252 559 1
378 830 1
255 494 1
291 642 1
664 850 1
132 301 1
363 408 3
268 876 3
397 799 3
246 546 3
87 875 3
232 602 1
460 738 3
90 221 3
639 694 1
244 876 3
616 814 3
294 343 3
479 643 3
6 859 1
475 839 3
208 642 1
54 750 1
426 451 1
322 350 1
217 603 3
226 445 3
88 376 3
882 986 1
450 570 3
245 705 3
373 514 3
650 950 3
49 463 1
342 589 1
338 497 3
603 770 3
126 750 3
335 938 3
437 830 1
571 612 3
111 782 1
834 971 3
23 834 3
79 492 1
340 418 3
249 924 3
151 322 1
576 756 3
184 380 1
457 982 1
88 486 3
518 693 1
122 828 3
133 977 1
133 338 1
40 748 1
107 387 3
58 739 3
405 611 3
123 794 1
273 642 3
261 450 1
97 418 3
111 823 1
135 386 3
155 287 1
198 647 3
186 781 1
108 942 1
251 862 3
461 876 1
268 358 3
653 708 3
423 901 1
627 659 3
328 891 1
409 570 3
444 713 1
214 769 3
33 64 1
372 800 1
130 316 3
288 459 1
32 931 3
513 833 1
164 512 1
359 791 1
396 477 3
700 905 1
805 912 3
328 522 1
217 668 3
277 887 3
166 648 3
273 734 3
6 733 3
660 798 1
209 620 1
187 877 1
201 830 1
254 456 3
425 984 1
153 425 3
325 391 1
233 538 3
208 810 3
215 696 1
65 751 1
108 798 1
136 191 3
134 530 3
261 777 1
718 802 1
298 779 1
53 500 3
3 42 3
653 659 3
51 862 1
480 866 3
422 831 3
409 462 1
76 140 3
457 625 3
447 499 3
28 474 1
487 921 3
247 614 1
579 701 1
249 559 3
107 879 1
363 891 1
580 722 1
283 876 1
82 354 3
331 845 1
20 481 1
732 783 1
190 226 1
342 393 3
687 906 3
142 469 3
213 292 3
366 692 3
99 785 1
366 741 1
36 785 1
216 678 3
465 605 3
827 922 1
763 787 3
64 494 3
308 930 1
425 534 3
497 564 3
475 734 3
367 631 3
412 446 1
244 284 3
448 729 1
361 929 1
269 341 1
187 335 3
170 915 3
308 567 1
663 866 1
214 706 1
734 791 3
127 923 3
347 767 1
494 693 3
389 860 1
797 882 3
136 324 1
642 850 3
609 798 3
144 813 3
345 672 3
211 697 3
214 526 3
178 926 1
681 855 3
904 971 1
670 905 3
536 719 3
825 898 1
30 447 1
13 274 3
405 525 3
258 412 3
98 209 3
486 489 1
536 729 3
143 456 1
131 754 1
645 716 3
7 338 1
7 947 1
573 684 1
77 341 3
30 777 1
618 750 3
730 819 1
786 907 3
460 807 1
507 975 1
550 794 1
341 660 3
529 968 3
444 809 1
158 447 3
147 192 3
84 773 1
282 396 3
325 656 1
359 447 3
52 205 1
612 908 1
562 597 1
541 684 1
105 739 1
431 671 3
127 139 1
487 849 3
79 645 1
289 304 3
131 568 1
65 253 1
514 544 1
333 545 3
296 501 3
643 714 1
806 924 1
744 930 3
465 903 3
412 807 1
362 552 1
748 819 3
229 377 3
46 303 3
856 970 1
190 788 3
497 955 3
187 269 3
268 667 3
4 610 3
249 733 3
612 790 1
61 783 1
25 339 1
275 461 1
344 684 1
505 802 1
580 725 1
735 793 1
304 454 3
495 921 1
716 916 1
230 766 1
35 777 3
616 864 1
545 772 3
407 617 1
228 552 3
189 465 3
369 886 1
516 980 1
515 727 3
855 937 3
746 934 3
117 421 3
484 985 1
790 939 3
203 494 3
762 762 3
14 628 1
537 608 3
693 757 1
631 693 3
792 829 3
8 588 3
295 931 1
296 556 1
389 677 3
28 614 3
52 615 1
377 721 3
557 808 3
701 924 1
647 649 1
195 254 3
305 367 1
549 752 3
62 991 3
360 543 3
8 287 3
64 376 1
197 232 1
202 813 3
91 526 1
371 547 1
465 749 1
