992 992
221 488 3
291 517 3
417 611 3
17 244 3
799 966 3
118 677 3
255 546 3
85 932 3
195 856 3
34 724 3
637 738 3
20 766 1
231 953 3
65 339 1
862 955 3
159 395 3
26 117 3
446 975 3
517 966 3
168 915 3
295 635 3
43 945 1
614 871 3
197 250 3
252 790 3
561 651 1
6 756 1
442 951 1
331 335 1
105 190 1
31 237 3
416 618 1
381 630 1
272 740 1
152 676 3
431 853 3
488 817 3
129 896 3
84 753 3
663 834 1
376 683 1
20 401 1
711 953 3
412 487 1
760 982 3
451 665 3
102 131 1
423 917 1
483 816 1
5 825 1
446 665 1
232 376 1
34 105 1
370 437 1
778 829 3
76 858 3
172 484 3
204 965 3
65 240 3
270 506 1
700 897 3
178 833 1
264 904 3
77 757 3
729 755 3
124 751 1
135 598 1
177 284 3
461 778 1
526 931 1
12 648 1
737 898 3
559 616 3
311 903 1
409 563 1
202 533 1
43 668 3
138 836 1
818 944 1
713 944 1
537 711 3
620 653 3
65 461 1
77 577 1
178 972 1
81 266 1
413 654 3
323 914 3
419 598 3
631 727 1
85 157 1
716 925 3
341 822 1
96 938 1
100 730 1
64 292 3
836 939 3
589 670 3
139 157 3
122 519 3
465 910 1
383 683 3
28 592 3
17 807 1
717 807 1
171 822 3
66 480 1
230 671 1
75 959 3
246 277 1
550 767 1
572 772 1
505 543 1
603 612 1
290 780 1
227 515 1
651 752 1
330 465 3
179 197 1
67 939 3
379 432 1
419 915 1
378 834 1
590 805 3
809 921 1
231 389 1
277 929 3
549 683 3
505 899 1
247 703 3
173 561 1
232 629 1
351 786 1
442 852 1
242 413 3
517 818 3
127 700 1
926 976 1
557 981 1
186 827 1
66 883 1
504 505 3
108 133 3
121 632 3
151 354 3
110 385 1
472 545 3
10 638 1
525 949 3
584 892 1
503 665 1
4 781 3
244 979 1
416 808 3
120 121 3
353 422 3
70 830 3
455 528 3
313 383 3
314 715 1
28 950 3
112 122 3
390 695 3
744 893 3
405 663 1
66 954 3
851 936 3
59 547 1
57 788 1
255 582 3
348 624 3
584 870 1
329 931 3
332 468 3
46 571 1
295 325 1
116 369 1
328 545 1
190 463 1
514 594 1
216 410 1
112 614 1
369 384 1
943 944 3
654 799 3
223 677 3
280 633 3
257 902 1
219 852 1
173 352 1
511 837 1
225 357 3
598 828 3
246 659 3
8 350 1
281 701 3
638 789 3
553 811 3
64 562 3
139 198 3
52 339 1
250 556 3
116 363 1
258 975 1
384 973 3
361 945 3
447 683 1
326 651 1
399 972 3
313 723 1
455 932 3
127 555 3
65 748 3
489 906 3
744 789 3
140 170 1
393 564 3
412 814 3
120 737 1
283 372 1
203 665 1
49 698 1
155 863 3
247 344 3
402 940 1
71 459 3
211 871 3
314 695 3
61 709 1
428 905 3
378 408 3
154 979 3
559 830 3
237 868 1
193 220 3
15 656 1
352 567 1
56 711 1
347 729 1
394 982 1
8 371 1
138 175 1
63 852 1
197 709 1
41 713 1
372 966 3
497 545 3
737 982 1
82 453 3
206 268 3
83 313 3
32 674 3
547 576 1
345 572 1
602 704 1
353 802 3
110 612 3
747 793 3
359 720 3
205 713 3
334 431 3
191 514 1
619 978 1
415 693 3
43 881 1
153 877 3
87 750 3
303 904 3
272 955 3
447 654 3
237 413 1
513 696 3
224 293 3
597 636 3
620 665 1
369 516 1
594 751 1
156 751 3
443 471 1
83 943 1
249 738 3
160 596 1
155 910 3
825 901 1
113 573 3
40 640 3
130 450 3
282 487 3
357 395 3
31 353 3
868 987 3
660 977 3
407 873 3
116 707 1
556 613 3
756 944 1
300 521 1
199 894 1
192 247 3
153 863 3
202 640 1
70 703 3
105 288 3
202 946 3
2 22 1
410 824 1
212 718 1
444 461 3
510 604 3
682 859 3
22 614 1
930 982 3
681 768 3
86 226 1
145 734 1
673 707 1
727 778 3
585 925 3
134 691 3
708 773 3
138 464 3
71 351 3
554 902 3
293 409 3
621 706 1
223 823 1
232 776 1
35 635 1
679 689 1
626 796 1
447 628 1
132 928 1
78 708 1
345 815 3
916 990 3
540 781 3
84 225 3
521 693 1
432 696 1
570 749 1
438 807 1
56 402 3
882 893 3
385 950 1
67 127 1
245 849 3
222 802 1
539 571 3
338 812 3
282 339 1
236 938 1
154 160 3
457 643 3
511 824 1
281 370 3
491 822 3
685 825 1
285 291 1
676 980 3
528 755 1
222 903 1
622 883 1
112 552 1
584 946 3
325 480 1
969 971 1
680 829 1
287 705 3
769 796 3
298 969 3
492 525 3
22 56 1
567 595 1
422 466 1
127 270 3
80 657 3
255 613 3
122 804 1
199 596 3
485 715 1
503 526 1
385 957 1
15 719 1
333 650 3
288 713 3
330 360 3
448 689 3
65 685 3
271 345 3
52 288 3
41 162 3
156 821 3
7 629 3
90 324 1
874 894 3
405 772 3
125 868 3
276 790 1
900 990 1
59 326 1
301 450 1
186 568 1
267 808 3
487 921 3
161 640 1
12 966 1
45 775 3
802 946 3
48 960 3
113 303 1
909 979 3
532 705 3
556 971 3
304 745 1
501 827 1
18 906 1
555 933 1
725 833 3
370 878 3
361 988 1
7 749 3
662 764 3
423 896 1
308 694 1
85 393 3
600 909 3
205 821 3
201 250 1
205 858 3
80 666 3
372 437 3
316 464 1
359 868 3
32 636 1
589 874 3
231 533 3
180 270 3
318 342 1
284 362 3
141 357 3
516 706 3
341 951 3
890 916 3
653 726 3
457 522 3
308 778 3
733 816 1
409 563 1
51 845 3
268 793 3
156 733 3
770 869 1
501 789 1
116 357 1
480 718 1
524 800 1
332 637 3
103 815 1
217 876 1
41 654 3
473 543 1
120 829 3
430 717 1
221 611 1
582 682 3
224 687 1
284 969 3
152 714 3
784 861 1
842 983 3
716 757 1
488 529 1
609 677 1
237 373 3
107 893 1
330 850 1
105 687 3
746 868 1
453 462 1
46 761 1
299 432 3
807 854 3
174 239 3
427 518 3
101 869 1
397 414 3
575 864 3
252 380 3
239 335 3
74 487 3
239 837 1
657 899 3
25 794 1
206 827 1
592 773 1
100 283 1
74 470 1
371 858 1
874 979 3
27 216 1
149 365 3
302 521 3
29 714 3
508 974 3
167 617 1
597 973 3
518 773 1
409 614 1
585 606 1
240 790 1
404 750 1
617 673 1
628 843 3
268 980 1
31 74 1
550 801 1
117 863 1
718 953 1
34 312 1
70 905 3
74 404 1
126 504 1
429 767 3
10 721 3
377 861 3
266 573 3
287 987 1
68 260 1
399 715 1
44 361 1
76 148 3
302 383 3
190 611 1
12 492 1
175 743 3
836 962 3
54 398 3
142 830 3
304 871 3
499 536 3
458 535 1
520 642 1
600 740 1
45 459 3
730 821 1
305 475 1
15 785 1
210 660 3
65 166 3
324 968 1
68 122 3
40 519 3
877 921 1
139 409 1
377 628 3
898 907 1
650 955 3
133 202 1
656 922 1
221 894 1
201 245 3
79 472 3
349 527 1
114 671 1
122 784 3
386 929 3
78 674 1
632 883 1
846 852 1
423 825 1
667 883 3
169 569 3
44 472 3
240 423 1
420 925 1
573 819 3
448 519 1
512 803 1
261 285 1
366 513 3
141 921 3
97 539 1
872 965 3
181 644 1
64 410 1
76 913 3
356 533 1
62 587 3
128 574 3
231 731 1
461 534 1
335 937 1
719 860 3
678 828 3
592 883 3
391 856 1
858 898 3
562 678 1
414 502 3
319 347 1
219 400 1
138 532 1
552 775 1
536 650 1
655 866 3
645 938 3
223 400 1
385 753 3
418 839 3
420 640 1
340 793 1
124 454 3
140 193 3
103 879 1
185 748 1
761 789 1
176 519 1
177 400 1
765 785 3
425 933 3
673 991 3
641 989 3
466 627 1
69 282 3
479 899 3
238 985 1
235 568 3
173 266 1
99 566 1
475 924 1
331 758 3
55 636 3
442 707 3
352 614 1
453 596 1
305 540 1
500 693 1
212 412 3
829 938 1
8 53 3
135 304 3
157 496 3
367 724 3
219 645 1
737 895 1
12 589 3
54 81 3
358 902 3
846 912 3
489 933 3
143 384 1
398 560 1
614 870 3
212 880 3
195 368 3
413 498 3
108 984 1
103 400 3
144 670 1
21 196 3
405 875 3
131 220 1
568 769 3
150 449 1
461 941 3
250 350 1
226 876 1
66 672 1
537 818 3
48 971 1
30 555 1
505 603 3
825 916 3
146 656 3
285 965 3
298 988 3
278 773 1
829 906 3
412 632 1
328 973 3
441 502 1
395 538 1
107 526 1
716 940 3
151 844 1
33 404 3
431 859 3
410 560 3
22 890 1
529 639 3
356 477 1
684 985 3
48 129 3
151 315 3
66 216 1
123 681 1
375 873 3
8 972 3
689 956 1
468 588 3
215 511 3
540 724 3
730 891 3
98 209 3
387 874 1
604 740 3
47 124 1
811 941 1
661 781 1
94 577 1
555 703 3
76 442 1
326 836 1
100 418 3
639 845 1
483 857 1
241 818 3
710 713 1
380 686 1
607 752 3
193 869 3
712 972 1
371 748 1
310 838 1
788 920 3
69 746 3
496 950 1
438 646 3
162 494 3
619 815 3
468 609 3
15 570 3
582 965 1
90 534 1
395 480 1
441 452 3
623 810 3
232 801 1
53 426 3
630 765 1
260 333 3
145 528 3
547 968 1
350 389 3
224 944 3
457 871 1
238 540 1
343 498 1
378 692 3
79 964 1
134 591 3
127 767 3
313 333 1
824 841 1
21 115 1
588 752 3
417 752 3
351 759 3
105 466 3
130 347 1
462 540 1
174 252 1
214 531 3
80 140 3
732 942 1
273 296 1
220 239 3
529 736 1
123 530 3
31 125 1
238 750 3
601 735 1
303 508 3
178 346 3
49 708 1
787 791 3
60 67 3
483 930 3
34 911 1
101 731 3
515 639 1
454 859 3
218 977 1
112 935 3
217 822 1
131 181 3
411 735 3
379 651 1
297 599 1
906 956 3
771 792 1
176 249 3
603 723 1
285 839 1
641 933 1
215 449 3
631 989 1
4 871 1
270 967 1
52 507 3
676 808 1
34 310 1
507 712 3
276 499 1
54 889 3
614 732 1
444 974 3
729 801 3
526 714 1
460 601 1
82 754 3
517 701 1
140 916 3
268 558 3
468 982 1
466 648 1
551 956 1
375 963 1
42 461 3
151 931 3
515 918 3
38 603 3
414 935 3
526 528 1
617 979 3
473 719 3
181 696 3
304 815 3
358 834 1
152 337 3
481 520 3
322 469 1
126 726 1
281 710 3
881 964 3
55 200 3
237 976 3
107 791 1
129 263 1
79 613 3
312 707 1
7 871 3
202 854 3
183 790 1
82 823 1
117 583 3
347 599 1
165 770 3
106 470 1
578 675 1
342 839 3
292 532 1
94 958 3
467 850 1
186 350 3
125 544 3
61 888 3
483 563 1
268 465 3
406 953 3
269 888 3
313 695 1
534 945 3
193 360 3
833 870 1
495 800 3
432 544 1
118 141 3
489 652 3
555 704 3
157 788 1
161 727 3
136 225 1
275 942 1
122 875 1
75 952 1
921 963 3
208 727 1
508 906 3
169 212 3
130 614 3
329 690 1
35 203 3
258 286 1
378 943 1
643 850 3
511 951 1
62 329 3
392 719 3
551 615 3
727 737 3
694 787 3
185 723 3
150 940 3
299 388 1
519 925 3
406 558 3
153 721 1
189 408 3
84 252 3
591 616 1
56 199 1
769 866 3
695 816 1
71 344 3
336 686 3
341 832 1
632 875 3
143 936 3
43 339 3
161 610 3
288 606 3
323 919 1
263 307 3
560 663 3
353 465 3
87 297 3
193 684 3
117 168 1
331 367 3
170 729 1
484 524 3
6 695 1
176 191 3
152 966 1
494 879 3
64 417 1
651 864 1
451 935 3
642 940 3
284 489 1
875 988 3
358 925 1
574 927 3
208 560 3
506 870 3
778 951 3
295 669 3
231 712 3
15 830 3
285 481 1
311 647 1
385 553 3
388 869 3
333 840 1
158 358 1
141 863 1
146 893 3
277 524 1
399 833 3
51 187 3
358 881 3
78 619 3
259 729 3
317 494 1
603 610 3
244 741 1
158 644 1
120 677 1
113 809 1
577 794 1
96 477 3
315 835 3
372 404 3
181 932 3
360 510 1
167 831 1
821 973 3
463 540 3
249 380 3
4 46 1
68 188 3
396 611 3
116 660 3
208 619 3
347 867 3
288 315 3
137 815 1
331 335 1
435 962 3
440 756 1
466 938 3
179 662 1
452 858 3
318 987 3
424 522 1
134 766 1
397 777 3
443 547 1
393 648 3
403 657 1
473 891 3
