991 991
309 721 3
681 966 1
544 766 3
726 822 1
388 894 3
100 586 1
587 716 1
572 781 1
487 621 1
183 496 1
342 514 3
170 771 3
73 668 3
213 776 3
276 858 3
216 600 1
9 617 1
221 558 1
580 843 1
227 355 3
277 600 3
369 971 1
467 727 1
127 787 3
414 794 3
64 431 1
148 804 1
100 214 1
239 988 3
43 281 3
792 821 3
55 746 3
666 667 1
308 916 1
733 774 1
59 275 1
214 957 3
495 886 3
467 691 3
407 657 1
763 974 3
671 673 1
518 838 1
832 948 1
82 94 1
263 413 1
524 839 3
395 778 3
590 919 3
91 457 1
118 566 1
214 883 1
921 943 3
5 452 3
56 111 1
231 469 1
223 680 1
26 535 3
497 640 3
254 289 1
12 896 1
556 920 3
241 285 1
591 985 3
328 481 3
28 406 3
226 845 3
117 496 3
191 734 3
607 861 1
179 583 3
314 915 3
52 683 3
299 805 1
58 497 1
247 849 3
74 442 3
526 775 3
487 536 3
551 765 3
316 805 1
31 748 3
212 322 3
752 922 3
124 137 3
458 919 1
148 961 1
347 833 1
10 546 1
179 991 1
464 971 3
289 831 1
296 744 1
131 873 1
255 436 1
631 690 3
842 902 1
693 800 1
603 838 1
705 876 1
404 522 1
88 414 1
199 671 1
296 323 1
420 582 3
285 871 3
39 493 1
196 794 1
619 887 3
68 576 1
22 964 3
15 561 1
373 802 3
314 554 3
188 219 3
120 854 3
808 974 1
700 765 3
336 722 1
32 913 3
233 664 1
477 770 1
226 820 1
315 862 1
124 438 1
265 428 3
38 201 1
113 735 1
325 359 1
143 343 3
55 861 3
10 927 3
669 850 1
93 330 3
96 681 1
26 185 1
434 453 1
247 289 3
173 238 3
147 713 3
313 577 1
55 864 3
512 710 1
547 752 3
925 985 1
332 662 1
408 484 3
639 790 3
671 690 3
192 830 3
277 321 1
473 513 1
13 804 3
351 456 1
283 836 3
268 380 3
77 615 1
132 211 3
430 839 3
345 712 1
61 209 1
72 991 3
907 930 1
105 500 1
97 219 3
169 665 3
534 849 3
526 856 1
136 686 1
437 516 1
151 378 3
378 924 3
672 790 1
501 838 3
635 921 3
117 712 3
374 603 3
123 687 1
294 504 3
46 979 1
116 936 3
193 939 1
574 662 1
90 670 3
316 543 3
151 773 1
449 898 3
193 275 3
689 828 3
290 524 1
22 444 1
49 690 3
538 630 3
328 871 3
145 534 1
376 756 3
436 580 1
467 470 1
418 778 3
38 845 1
53 827 3
505 679 3
120 840 1
349 409 3
72 950 3
432 478 3
117 881 3
152 209 1
310 579 1
660 709 3
152 854 3
243 278 3
126 234 1
689 797 1
375 512 1
689 927 1
772 949 1
166 414 3
198 342 1
169 669 1
7 321 1
591 683 1
399 478 1
2 285 3
419 722 1
185 395 3
266 747 1
143 386 1
895 974 3
396 731 1
384 566 3
121 684 3
400 813 3
851 890 3
142 398 1
151 770 1
45 989 3
419 461 1
525 788 3
220 287 1
613 696 1
402 964 1
332 376 1
269 586 1
65 196 3
174 940 3
116 622 3
60 918 1
249 906 3
1 751 3
336 587 3
330 597 3
264 410 1
112 975 1
600 907 1
763 906 1
13 662 3
74 91 1
335 598 1
266 493 3
45 450 1
432 984 1
570 896 1
151 265 3
331 968 3
151 603 1
478 919 3
126 331 1
200 847 3
321 817 3
350 700 1
50 821 3
143 328 3
693 765 1
456 693 1
106 632 3
699 794 3
96 182 1
254 283 3
184 966 3
673 727 3
538 801 1
353 983 3
3 563 3
82 320 3
263 986 3
206 258 1
149 614 1
263 389 3
93 169 3
370 392 3
554 670 1
169 231 3
463 678 3
348 910 3
295 415 3
523 871 3
550 760 1
731 912 1
96 485 3
380 483 3
141 386 1
21 556 3
18 456 3
156 982 1
432 626 1
468 824 3
70 730 1
566 649 1
109 668 1
594 725 3
243 633 1
39 418 3
895 952 1
201 785 1
302 375 3
293 327 1
63 238 1
258 973 3
585 740 1
421 726 1
669 942 3
647 962 3
191 370 1
367 721 1
382 454 3
52 443 3
70 468 1
391 726 1
246 736 3
295 500 1
680 959 3
231 497 3
160 377 1
376 908 1
353 785 3
154 898 3
138 350 1
290 888 3
112 416 3
391 455 1
76 328 3
809 920 1
326 625 1
159 556 3
221 325 3
425 871 3
147 754 1
623 966 3
386 478 3
415 572 3
311 534 3
690 826 3
843 970 3
234 621 3
610 633 3
256 632 3
55 133 1
49 456 3
404 610 1
496 538 1
22 195 3
221 275 1
7 662 3
560 912 3
455 991 1
220 419 1
420 568 3
489 775 1
46 434 3
240 527 3
471 516 3
514 942 3
555 678 1
91 860 1
243 564 1
17 59 3
557 959 1
346 612 1
643 821 1
544 941 1
38 49 1
253 889 1
509 511 1
686 773 3
405 508 3
10 926 3
418 831 1
353 398 1
398 762 1
108 834 1
215 561 1
243 464 1
398 497 3
463 702 3
110 128 3
98 388 1
447 630 3
265 770 3
237 438 3
66 266 3
750 968 1
149 447 3
101 811 3
46 112 1
4 513 1
443 546 1
500 899 1
617 927 3
27 320 3
130 974 3
106 355 3
245 394 1
556 839 1
32 899 3
619 988 3
101 329 3
310 830 3
205 672 3
519 572 3
345 546 1
256 500 1
573 893 1
355 504 3
203 949 3
176 715 1
850 894 3
213 428 1
463 517 1
332 623 3
13 593 1
270 636 3
282 298 3
17 156 1
414 768 1
66 71 1
307 878 1
528 972 3
231 379 3
226 519 1
562 673 1
192 927 3
247 427 1
216 222 3
749 812 3
789 840 3
273 761 1
109 441 1
46 454 1
451 787 1
813 874 3
44 75 3
316 536 1
883 910 1
609 975 3
156 560 1
221 645 3
9 240 3
175 351 3
146 780 3
42 892 3
122 689 1
172 407 1
159 330 1
525 679 3
134 308 3
48 355 3
645 827 3
261 867 1
594 928 3
121 456 1
638 678 1
56 654 1
675 769 3
12 476 1
309 533 3
125 178 3
78 89 1
663 768 1
456 925 3
545 715 1
571 771 3
5 789 3
511 563 1
246 481 1
38 391 1
121 984 3
52 729 1
720 969 1
9 517 1
179 919 1
145 299 1
477 890 1
43 113 1
455 863 1
30 401 3
361 385 3
591 798 1
198 916 1
154 298 1
808 981 3
195 452 3
75 680 3
279 814 3
130 985 1
244 277 3
345 824 3
115 682 1
94 688 3
12 788 3
236 489 3
332 680 3
153 558 3
661 839 1
474 989 3
171 988 3
517 696 1
519 875 3
892 989 1
123 755 3
517 572 1
720 872 3
53 442 3
531 537 1
423 687 3
295 442 1
5 634 1
813 909 3
288 357 1
27 597 1
165 184 1
79 761 1
862 929 1
83 566 1
104 872 1
32 697 1
173 487 3
29 422 1
64 290 3
843 955 3
95 628 1
109 799 1
769 894 3
99 774 3
457 732 1
33 346 3
771 874 1
538 558 1
463 530 3
171 181 3
476 866 3
245 880 1
136 956 1
290 675 1
437 555 3
872 880 1
82 637 1
669 729 1
219 987 1
556 839 1
337 537 3
159 406 3
241 690 1
353 819 1
304 444 3
780 838 3
585 965 1
364 930 1
161 975 1
188 762 3
354 755 1
888 937 1
345 430 1
5 540 1
458 773 3
142 833 1
542 953 3
729 873 1
198 949 3
799 852 1
46 573 3
256 499 1
640 954 3
142 246 3
115 805 1
369 593 3
757 940 3
369 854 3
266 955 3
288 347 1
199 672 1
423 551 1
721 747 3
500 813 3
119 521 3
252 683 1
518 696 3
30 938 3
352 878 3
280 486 3
547 750 3
272 941 3
527 855 1
39 772 3
125 902 1
223 473 3
631 717 1
353 871 3
705 733 1
472 801 3
185 491 3
153 199 3
226 755 1
146 531 1
201 835 3
349 417 3
553 793 3
532 777 1
452 949 1
484 821 1
16 460 3
51 882 1
135 326 3
276 300 3
310 949 1
300 405 3
271 988 1
303 648 1
161 515 3
89 927 3
832 859 1
587 675 3
115 884 1
29 940 1
212 238 3
77 390 1
269 797 1
136 875 3
485 593 3
192 351 3
70 212 1
718 826 3
54 432 1
588 813 3
308 637 3
37 949 3
524 872 3
194 919 1
444 744 3
385 688 1
197 262 1
902 976 3
4 857 3
419 443 3
677 968 1
456 558 3
635 966 3
59 129 3
315 991 3
32 322 3
498 506 1
622 846 3
388 553 3
361 376 1
445 664 3
446 944 1
25 336 3
294 844 1
71 204 1
609 798 3
392 499 1
362 447 3
49 349 1
181 384 3
201 827 3
177 212 3
194 603 3
217 798 1
156 794 3
656 839 3
751 901 3
60 941 1
698 856 3
296 703 1
270 955 3
18 33 1
333 797 3
155 878 1
415 842 1
177 679 1
52 683 3
437 836 1
237 387 1
2 810 3
251 792 3
773 985 1
290 550 1
30 816 3
667 703 1
38 590 1
332 853 3
73 728 1
671 859 1
591 750 3
410 629 1
442 977 3
197 662 1
142 850 3
741 868 1
252 352 1
155 539 3
549 930 1
223 741 3
487 617 1
534 581 1
324 738 3
80 568 1
625 669 3
156 941 3
89 951 1
157 805 1
329 662 1
39 621 3
779 864 1
245 402 1
130 529 1
266 966 1
255 839 3
270 963 3
85 411 3
461 894 1
359 849 1
422 510 1
352 725 3
62 582 1
77 698 3
139 546 1
10 47 1
49 872 1
96 913 1
363 960 1
465 531 3
60 71 3
568 976 1
259 385 1
90 179 3
481 956 1
313 714 1
364 544 1
210 895 3
1 776 1
443 922 3
112 550 1
25 889 1
139 205 3
15 756 3
115 565 1
6 621 1
62 239 3
406 768 3
763 917 1
373 839 1
634 841 1
63 114 1
22 967 1
276 878 1
244 677 1
454 849 1
56 634 1
302 368 1
142 840 1
240 751 3
234 866 3
45 75 3
388 837 3
313 732 1
740 987 1
301 959 3
83 608 1
336 734 3
97 740 1
111 912 3
276 756 1
319 693 3
56 639 1
239 392 1
108 832 3
61 808 1
943 990 3
196 944 1
611 740 1
198 522 3
82 295 3
617 619 1
207 879 1
103 435 1
208 525 3
674 958 3
597 764 3
701 797 1
487 692 1
307 652 3
126 883 3
168 281 3
264 553 3
327 491 3
365 768 3
640 920 1
71 785 1
292 528 1
121 680 3
569 637 1
798 949 3
441 901 3
320 694 1
58 509 1
306 664 3
806 954 3
134 580 3
10 692 3
159 817 3
521 677 1
282 953 1
687 782 1
14 239 1
395 803 3
35 729 3
351 616 1
469 952 3
271 605 3
8 792 3
233 505 1
387 803 3
289 906 1
281 301 3
29 633 3
857 889 1
702 850 1
210 284 1
678 781 1
280 795 1
254 878 1
54 431 3
22 244 3
88 776 1
125 947 3
118 693 1
468 514 3
53 216 3
19 266 3
211 687 1
358 849 3
329 877 3
382 550 1
198 488 1
730 837 1
176 307 1
549 810 3
550 717 1
210 392 1
911 985 3
71 193 1
231 459 1
344 676 1
216 475 1
425 717 3
278 404 3
413 550 3
3 599 1
247 395 3
471 678 3
748 948 1
126 259 1
574 651 1
715 857 1
34 635 3
700 869 1
109 932 3
389 565 1
286 829 3
496 686 3
94 898 3
558 729 3
235 525 1
711 883 1
119 654 3
297 412 3
207 399 3
250 898 1
570 650 1
582 982 3
121 415 3
25 243 1
49 273 3
237 658 1
199 437 1
474 554 1
310 392 1
734 782 1
500 617 3
28 983 1
387 601 1
355 711 3
161 563 1
341 362 1
9 860 1
972 977 1
367 722 1
91 369 1
229 403 1
365 649 3
398 542 1
12 900 1
393 871 3
36 549 3
676 951 1
314 918 1
307 771 1
108 272 1
345 405 3
428 641 3
438 759 1
592 779 3
322 583 3
249 293 3
83 632 1
216 927 3
452 853 3
115 377 1
119 441 1
723 951 3
251 255 1
800 802 3
20 211 1
162 322 3
169 877 1
54 640 3
47 390 1
330 576 1
109 827 3
268 725 1
62 621 3
422 961 1
20 644 1
27 219 3
681 718 3
298 341 3
3 524 3
255 611 3
439 954 1
271 987 1
531 661 1
445 739 3
43 696 1
644 939 1
572 927 3
14 939 1
385 772 1
94 248 1
52 104 3
576 887 3
252 654 1
359 459 3
686 791 3
134 464 3
473 553 1
472 960 3
24 672 3
317 627 3
534 879 1
521 590 1
244 685 3
183 258 3
304 310 1
546 983 1
103 324 3
746 865 1
371 952 1
442 944 1
193 633 3
114 723 1
418 747 1
502 918 3
210 471 3
452 520 1
185 358 3
294 460 1
101 421 1
178 330 1
410 891 1
459 553 3
